0.00579588
0.254119
0.497176
0.704514
0.866792
0.962281
0.994322
0.959777
0.858756
0.695085
0.484034
0.23636
-0.0263339
-0.286909
-0.527901
-0.731772
-0.884218
-0.976979
-0.998307
-0.954823
-0.84014
-0.67169
-0.455316
-0.208603
0.0546392
0.311946
0.549818
0.745828
0.89146
0.97396
0.991556
0.944939
0.829435
0.656252
0.435871
0.183312
-0.0797132
-0.336894
-0.572945
-0.767851
-0.908587
-0.985783
-0.996511
-0.938138
-0.810048
-0.631784
-0.407163
-0.156886
0.107092
0.362769
0.593597
0.780402
0.913782
0.98343
0.986217
0.92645
0.797184
0.615006
0.387292
0.130739
-0.131939
-0.385453
-0.615508
-0.800136
-0.929131
-0.991206
-0.990213
-0.917777
-0.778812
-0.589568
-0.358637
-0.103134
0.160662
0.413094
0.636021
0.812433
0.933012
0.990222
0.979661
0.90587
0.764194
0.572161
0.337181
0.0775536
-0.185337
-0.434327
-0.655552
-0.829227
-0.947379
-0.995229
-0.980371
-0.893759
-0.744168
-0.545689
-0.308366
-0.0491813
0.213574
0.461586
0.675671
0.841476
0.949278
0.994403
0.970888
0.883231
0.728755
0.527246
0.285477
0.0242241
-0.238217
-0.482935
-0.694697
-0.857802
-0.963886
-0.997834
-0.968569
-0.867801
-0.707698
-0.499775
-0.257195
0.00483694
0.264742
0.507775
0.712008
0.868188
0.962961
0.994239
0.959045
0.857239
0.693038
0.481453
0.23347
-0.029276
-0.2897
-0.530446
-0.733841
-0.885654
-0.977595
-0.998267
-0.953971
-0.838517
-0.669564
-0.452711
-0.20577
0.0575177
0.314783
0.55229
0.747801
0.892761
0.97452
0.991279
0.944005
0.827723
0.654055
0.433198
0.180421
-0.0825883
-0.339573
-0.575331
-0.769713
-0.909797
-0.986158
-0.996273
-0.937124
-0.808419
-0.629551
-0.404539
-0.154017
0.109969
0.365504
0.595923
0.782211
0.914897
0.983875
0.985934
0.925351
0.795503
0.612732
0.384706
0.127886
-0.134836
-0.388132
-0.617794
-0.801803
-0.930201
-0.991449
-0.989667
-0.916418
-0.776861
-0.587161
-0.355923
-0.10018
0.163594
0.415818
0.638278
0.814113
0.933988
0.990514
0.979214
0.904646
0.762283
0.569725
0.334367
0.0746132
-0.188248
-0.436987
-0.657665
-0.830761
-0.948305
-0.995398
-0.979796
-0.892443
-0.742265
-0.543246
-0.305555
-0.0462109
0.216449
0.464185
0.677767
0.842986
0.950101
0.994467
0.970319
0.881893
0.726883
0.524801
0.282669
0.0213337
-0.241065
-0.485585
-0.696892
-0.859398
-0.964738
-0.99795
-0.967842
-0.866223
-0.705573
-0.497161
-0.254402
0.00777144
0.26747
0.510252
0.714007
0.869601
0.963659
0.994155
0.958304
0.855712
0.690982
0.478864
0.230576
-0.0322182
-0.292486
-0.532983
-0.7359
-0.887073
-0.978156
-0.998257
-0.953138
-0.836946
-0.66744
-0.450116
-0.202963
0.0603973
0.317621
0.554756
0.749767
0.894062
0.975084
0.991002
0.943072
0.825993
0.651864
0.430525
0.177524
-0.0854598
-0.342246
-0.577708
-0.771565
-0.910996
-0.986522
-0.996024
-0.936099
-0.806778
-0.627309
-0.401909
-0.151145
0.112844
0.368233
0.598241
0.78401
0.916002
0.984312
0.985643
0.924273
0.793787
0.610446
0.382048
0.125002
-0.137763
-0.390837
-0.620072
-0.803462
-0.931261
-0.991681
-0.98911
-0.915047
-0.7749
-0.584746
-0.353203
-0.0972246
0.166523
0.418536
0.640527
0.815784
0.934957
0.990797
0.978757
0.903412
0.760362
0.567281
0.331549
0.0716715
-0.191156
-0.439682
-0.659778
-0.832309
-0.949219
-0.995557
-0.97921
-0.891116
-0.740353
-0.540794
-0.302739
-0.04324
0.219315
0.466777
0.679849
0.844493
0.950916
0.994523
0.969739
0.880543
0.724998
0.522345
0.279846
0.0184078
-0.243921
-0.488246
-0.699107
-0.861001
-0.965575
-0.998061
-0.967106
-0.864638
-0.703446
-0.494547
-0.251608
0.0106998
0.2702
0.512736
0.71602
0.871015
0.964358
0.994065
0.957553
0.854174
0.688915
0.476268
0.227679
-0.0351597
-0.295268
-0.535512
-0.737949
-0.888481
-0.978707
-0.998235
-0.952295
-0.835366
-0.665306
-0.447514
-0.200153
0.0632759
0.320454
0.557215
0.751723
0.895356
0.975643
0.990718
0.942132
0.824251
0.649667
0.427846
0.174624
-0.0883297
-0.344914
-0.580077
-0.773407
-0.912186
-0.986876
-0.995763
-0.935076
-0.805119
-0.625062
-0.399282
-0.14824
0.115798
0.371028
0.60063
0.785827
0.917114
0.984742
0.985343
0.923216
0.792037
0.60815
0.379321
0.122088
-0.140718
-0.393567
-0.622342
-0.805111
-0.932311
-0.991903
-0.988542
-0.913665
-0.772927
-0.582322
-0.350477
-0.0942677
0.16945
0.421248
0.642768
0.817447
0.935917
0.991072
0.978291
0.902167
0.758431
0.564828
0.328725
0.0687289
-0.194062
-0.442371
-0.661882
-0.833848
-0.950125
-0.995706
-0.978614
-0.889779
-0.738431
-0.538334
-0.299919
-0.0402684
0.222151
0.469362
0.681895
0.84602
0.951722
0.99457
0.969152
0.879185
0.723101
0.519882
0.277015
0.0154676
-0.246778
-0.490908
-0.701324
-0.862602
-0.966399
-0.998179
-0.96636
-0.863102
-0.701379
-0.491999
-0.248785
0.0136166
0.272975
0.515226
0.718041
0.872421
0.965049
0.993967
0.956792
0.852626
0.686839
0.473664
0.224777
-0.038101
-0.298045
-0.538033
-0.739989
-0.88988
-0.979247
-0.998203
-0.951441
-0.833775
-0.663163
-0.444906
-0.19734
0.066153
0.323282
0.559665
0.753671
0.896641
0.976194
0.990425
0.941182
0.822499
0.64746
0.42516
0.171722
-0.0911982
-0.347577
-0.582438
-0.77524
-0.913365
-0.98722
-0.995492
-0.934044
-0.803448
-0.622806
-0.39665
-0.145328
0.118759
0.373825
0.603021
0.787638
0.91822
0.985162
0.985033
0.922148
0.790276
0.605844
0.376589
0.119171
-0.14367
-0.396292
-0.624604
-0.806751
-0.933351
-0.992115
-0.987962
-0.912271
-0.770944
-0.579889
-0.347746
-0.0913098
0.172373
0.42395
0.644997
0.819096
0.936864
0.991346
0.977834
0.900942
0.756503
0.56238
0.3259
0.0657849
-0.196964
-0.445053
-0.663978
-0.835378
-0.95102
-0.995846
-0.978007
-0.888432
-0.7365
-0.535866
-0.297093
-0.0372967
0.224982
0.471941
0.683933
0.847539
0.95252
0.994609
0.968554
0.877815
0.721194
0.51741
0.27418
0.012527
-0.24963
-0.493563
-0.703532
-0.864192
-0.967213
-0.998286
-0.965603
-0.861555
-0.699304
-0.489442
-0.245957
0.0165332
0.275747
0.517709
0.720052
0.873818
0.965731
0.993859
0.956022
0.851067
0.684753
0.471053
0.221873
-0.041042
-0.300817
-0.540546
-0.742019
-0.891268
-0.979777
-0.998161
-0.950576
-0.832173
-0.661011
-0.44229
-0.194525
0.0690289
0.326104
0.562108
0.75561
0.897917
0.976736
0.990123
0.940235
0.820755
0.645252
0.422477
0.168799
-0.0940463
-0.350224
-0.584799
-0.777058
-0.914534
-0.987558
-0.995212
-0.932999
-0.801777
-0.620547
-0.394019
-0.142411
0.121718
0.376616
0.605403
0.78944
0.919316
0.985574
0.984715
0.92107
0.788506
0.60353
0.373851
0.116253
-0.14662
-0.39901
-0.626858
-0.808381
-0.934381
-0.992316
-0.987371
-0.910866
-0.76895
-0.577447
-0.34501
-0.0883506
0.175294
0.426642
0.64721
0.820728
0.937791
0.991626
0.9774
0.899763
0.754588
0.559947
0.323079
0.06284
-0.199863
-0.447728
-0.666065
-0.836899
-0.951907
-0.995976
-0.97739
-0.887074
-0.734559
-0.533391
-0.294263
-0.0343248
0.227811
0.474512
0.685962
0.849049
0.95331
0.99464
0.967947
0.876435
0.719278
0.51493
0.271341
0.00958578
-0.252479
-0.49621
-0.70573
-0.865771
-0.968017
-0.998383
-0.964836
-0.859998
-0.697219
-0.486878
-0.243126
0.019449
0.278514
0.520185
0.722056
0.875206
0.966405
0.993743
0.955242
0.849498
0.682657
0.468434
0.218965
-0.0439826
-0.303585
-0.543052
-0.744038
-0.892646
-0.980297
-0.998107
-0.9497
-0.830561
-0.65885
-0.439668
-0.191706
0.0719031
0.328922
0.564543
0.75754
0.899185
0.977269
0.989812
0.939277
0.819001
0.643034
0.419788
0.165873
-0.0968926
-0.352866
-0.587153
-0.778866
-0.915693
-0.987891
-0.994925
-0.931942
-0.800106
-0.618285
-0.39139
-0.13949
0.124675
0.379402
0.607777
0.791234
0.920405
0.985977
0.984388
0.919981
0.786726
0.601208
0.371107
0.113333
-0.149567
-0.401722
-0.629104
-0.810002
-0.935402
-0.992506
-0.986768
-0.909449
-0.766944
-0.574997
-0.342268
-0.0853905
0.178212
0.429327
0.649416
0.822351
0.93871
0.991898
0.976957
0.898573
0.752663
0.557506
0.320252
0.0598939
-0.202758
-0.450396
-0.668144
-0.838411
-0.952783
-0.996096
-0.976762
-0.885705
-0.732608
-0.530907
-0.291427
-0.0313524
0.230636
0.477077
0.687983
0.85055
0.954092
0.994662
0.967331
0.875045
0.717351
0.512443
0.268497
0.00664424
-0.255323
-0.498849
-0.707918
-0.86734
-0.968809
-0.998468
-0.964058
-0.85843
-0.695125
-0.484307
-0.240291
0.0223641
0.281277
0.522654
0.72405
0.876585
0.96707
0.993618
0.954453
0.847918
0.680552
0.465808
0.216053
-0.0469225
-0.306348
-0.545549
-0.746049
-0.894014
-0.980806
-0.998043
-0.948814
-0.828938
-0.65668
-0.437039
-0.188885
0.0747761
0.331734
0.56697
0.759462
0.900444
0.977794
0.989492
0.93831
0.817237
0.640807
0.417091
0.162945
-0.0997375
-0.355502
-0.589498
-0.780665
-0.916842
-0.988213
-0.994626
-0.930874
-0.798424
-0.616015
-0.388755
-0.136566
0.127629
0.382181
0.610143
0.793019
0.921485
0.986373
0.984051
0.918883
0.784935
0.598876
0.368358
0.110411
-0.152512
-0.404428
-0.631342
-0.811614
-0.936413
-0.992686
-0.986154
-0.908021
-0.764928
-0.572538
-0.33952
-0.0824293
0.181126
0.432006
0.651613
0.823965
0.939621
0.992161
0.976504
0.897373
0.750728
0.555056
0.31742
0.0569469
-0.205651
-0.453058
-0.670215
-0.839913
-0.953651
-0.996208
-0.976124
-0.884326
-0.730647
-0.528415
-0.288587
-0.0283799
0.233457
0.479635
0.689997
0.852043
0.954865
0.994675
0.966705
0.873645
0.715415
0.509948
0.26565
0.00370251
-0.258164
-0.50148
-0.710096
-0.868899
-0.969592
-0.998544
-0.96327
-0.856852
-0.693021
-0.481729
-0.237453
0.0252784
0.284035
0.525115
0.726037
0.877957
0.967727
0.993484
0.953653
0.846328
0.678437
0.463175
0.213139
-0.0498621
-0.309106
-0.548039
-0.748049
-0.895371
-0.981304
-0.997968
-0.947916
-0.827304
-0.6545
-0.434403
-0.186061
0.0776472
0.334541
0.569389
0.761375
0.901688
0.978311
0.989167
0.937322
0.815477
0.638598
0.414416
0.16005
-0.102571
-0.358127
-0.591836
-0.782454
-0.919848
-0.992538
-1.00554
-0.936954
-0.809804
-0.620712
-0.382206
-0.132357
