0.0
0.258015159118
0.482799112284
0.653205462202
0.764612799405
0.824175558634
0.841422850912
0.820210234491
0.755875414758
0.63870071708
0.462321889288
0.232946794559
-0.0266892944445
-0.282732605368
-0.502705321302
-0.667096567965
-0.772818359422
-0.827713695739
-0.841037590919
-0.815808927372
-0.746595140505
-0.623579484514
-0.441287744934
-0.207558763028
0.0533405798755
0.307069299791
0.522028330677
0.680378196662
0.780503375898
0.830832750444
0.840266065374
0.81096221879
0.736761240006
0.607840326259
0.419712683357
0.181883621656
-0.0799160095659
-0.330996928445
-0.540757845385
-0.693055723933
-0.78767923606
-0.833540073669
-0.839106270456
-0.805660142521
-0.726363418824
-0.59148330349
-0.397614612712
-0.155955111794
0.10637806013
0.354488787832
0.558885433381
0.705135633502
0.79435732614
0.835842206718
0.837555218662
0.799892265222
0.715391939531
0.574510059519
0.375013325406
0.12980802872
-0.132689690129
-0.377519864355
-0.576404487052
-0.716625408343
-0.800548927639
-0.837744832107
-0.835608960619
-0.79364777253
-0.703837736785
-0.556923894862
-0.351930465945
-0.103478083515
0.158814495032
0.400066901949
0.593310174352
0.7275334191
0.806265117483
0.83925273125
0.83326261408
0.786915560296
0.691692531926
0.538729833904
0.32838948638
0.0770017581087
-0.18471685738
-0.422108457594
-0.609599380213
-0.737868810554
-0.811516672556
-0.840369749153
-0.830510400005
-0.77968433056
-0.678948946328
-0.519934682452
-0.304415589454
-0.0504161545291
0.210362091042
0.443624944509
0.625270638926
0.747641386943
0.816313979001
0.841098766205
0.827345685631
0.771942691843
0.665600612719
0.500547075494
0.280035659657
0.0237588394876
-0.235716578525
-0.464598662937
-0.640324058191
-0.756861496882
-0.820666946718
-0.841441677156
-0.823761034395
-0.763679263283
-0.651642283662
-0.480577514575
-0.255278182489
0.00293231455641
0.260747900353
0.485013818564
0.654761235609
0.765539918615
0.824584929362
0.841399377337
0.819748262557
0.754882782108
0.637069936377
0.460038394238
0.230173152372
-0.0296192906448
-0.28542495563
-0.504856528672
-0.668585168398
-0.77368774631
-0.828076650184
-0.840971756163
-0.815298502325
-0.745542213884
-0.621880873067
-0.438944017062
-0.204751969731
0.0562640896677
0.309718072969
0.524114816277
0.681800157147
0.781316278044
0.831150133968
0.840157697933
0.810402271279
0.735646864956
0.606073815926
0.417310596912
0.179047327882
-0.0828288925751
-0.333599111083
-0.542778592543
-0.694411704428
-0.788436906115
-0.833812645314
-0.838955089933
-0.805049547844
-0.725186496444
-0.589648996003
-0.395156250104
-0.153093090464
0.109276221222
0.357041548425
0.560839627901
0.706426409103
0.795061010257
0.836070633479
0.837360837808
0.799229852519
0.714151439122
0.572608235116
0.372500974282
0.126924160232
-0.135569096629
-0.380020561359
-0.578291512344
-0.717851857149
-0.801199854304
-0.837929683939
-0.835370888169
-0.792932334562
-0.702532708474
-0.554955020036
-0.349366614898
-0.100576340143
0.161671193477
0.402513090479
0.595129605455
0.728696509818
0.806864486813
0.83939447685
0.832980258371
0.78614586376
0.690322119188
0.536694568185
0.325776819304
0.0740861877004
-0.187546989671
-0.424497894772
-0.6113509768
-0.73896958995
-0.812065646086
-0.840468752512
-0.830183073369
-0.778859126903
-0.677512398332
-0.517833884137
-0.301756978561
-0.0474908636485
0.213161909885
0.445955593451
0.626954337354
0.748680967205
0.816813670042
0.841155283945
0.826972609543
0.771060728524
0.664097296393
0.498381806274
0.277334157172
0.0208279761045
-0.238482462045
-0.466868695381
-0.641939962683
-0.757841042986
-0.821118411287
-0.841455856664
-0.823341345374
-0.762739295422
-0.650071695406
-0.478349042985
-0.252537011084
0.00586457868622
0.263476365786
0.487221616143
0.656309608655
0.766460635773
0.824989157749
0.841371255691
0.819281018778
0.753883584471
0.635431713314
0.457748197871
0.227395694381
-0.0325487777811
-0.288112671992
-0.507000682851
-0.67006642046
-0.774550867572
-0.828434559172
-0.840901259866
-0.814782690947
-0.744482593139
-0.620174803754
-0.436593783509
-0.20194175521
0.0591866339327
0.31236187262
0.526194126988
0.683214835756
0.782123052123
0.831462559739
0.840044643445
0.809836816443
0.734525672131
0.604299850433
0.414902223388
0.176208021595
-0.0857403577095
-0.336196000123
-0.544792065559
-0.695760482774
-0.789188585507
-0.834080337069
-0.838799185005
-0.804433319316
-0.724002639512
-0.587807255262
-0.392691841731
-0.150228477876
0.112172518117
0.359588715845
0.56278647099
0.707710074195
0.795758839712
0.836294247781
0.837161683613
0.798561674956
0.712903895646
0.570699019464
0.369982841013
0.12403813261
-0.138446200504
-0.382515386914
-0.580171130275
-0.719071297646
-0.801845059709
-0.838109779814
-0.835127982224
-0.792210997346
-0.701220538222
-0.552978816857
-0.346797267079
-0.097672878868
0.164525160565
0.404953151237
0.596941593909
0.72985270362
0.807458264532
0.83953151165
0.832692998239
0.785370131377
0.688944476648
0.534652058578
0.323158961882
0.0711693479056
-0.190373973302
-0.42688097031
-0.613095115262
-0.740063591626
-0.812609152823
-0.840563078548
-0.829850761135
-0.778027749804
-0.676068545022
-0.515725948536
-0.299093503947
-0.0445647572982
0.215958175843
0.448279669698
0.628630581064
0.749713895359
0.817308013244
0.841207145919
0.826594457052
0.770172454433
0.6625866129
0.496209528946
0.274628136805
0.0178967546472
-0.241244403085
-0.469131967094
-0.643548433733
-0.758814067624
-0.821564640153
-0.841465389882
-0.822916480199
-0.761792881025
-0.648493693045
-0.476113715341
-0.249791685724
0.00879674196539
0.266200515216
0.489422488028
0.657850586304
0.767374965769
0.825388254863
0.841338485086
0.818808490926
0.752877807437
0.633786045328
0.455451320548
0.224614463191
-0.0354777055729
-0.290795716223
-0.509137769363
-0.671540330767
-0.775407738285
-0.828787432797
-0.840826099811
-0.814261480251
-0.743416264395
-0.618461275964
-0.434237067168
-0.199128163698
0.0621081627473
0.315000662612
0.52826625082
0.684622240624
0.782923713258
0.831770036804
0.839926898382
0.809265840635
0.733397648342
0.602518431231
0.412487588188
0.173365748483
-0.0886503556151
-0.338787561639
-0.546798254879
-0.69710206848
-0.789934289266
-0.83434315686
-0.838638550858
-0.803811442747
-0.722811835678
-0.585958084885
-0.390221415468
-0.147361320995
0.115066902239
0.362130258471
0.564725955472
0.708986639513
0.796450829308
0.836513056374
0.836957750013
0.797887717915
0.711649297744
0.568782418438
0.367458955893
0.121149993907
-0.141320954153
-0.385004311783
-0.582043335974
-0.720283741648
-0.802484558297
-0.838285125256
-0.834880235512
-0.791483745965
-0.699901215817
-0.550995293535
-0.344222455133
-0.0947677486351
0.167376349867
0.407387057429
0.59874613706
0.731002013242
0.808046464609
0.839663839903
0.832400825258
0.784588348059
0.687559595385
0.532602315702
0.320535949019
0.0682512883545
-0.193197763204
-0.429257659907
-0.614831795065
-0.741150829092
-0.813147206137
-0.840652730217
-0.82951345379
-0.777190184142
-0.674617378915
-0.51361088873
-0.296425202681
-0.0416378855849
0.21875084538
0.450597151469
0.63029937154
0.750740185534
0.817797021275
0.84125435376
0.826211217623
0.769277854556
0.661068556333
0.494030259089
0.27191763767
0.0149652254857
-0.244002359805
-0.471388458827
-0.645149474721
-0.759780585395
-0.82200564518
-0.841470277113
-0.822486427402
-0.760840005333
-0.646908272385
-0.473871549748
-0.247042247433
0.0117287539751
0.26892030865
0.491616417504
0.659384173706
0.768282923519
0.82578223167
0.841301064487
0.818330666683
0.751865436645
0.632132930069
0.453147782911
0.221829501592
-0.0384060237681
-0.293474050319
-0.511267774005
-0.673006906112
-0.776258373539
-0.829135281045
-0.840746273639
-0.813734857169
-0.742343213845
-0.616740289305
-0.431873891207
-0.196311239592
0.0650286262405
0.317634407051
0.53033117605
0.686022380044
0.783718276568
0.832072574088
0.839804459072
0.808689330145
0.732262780487
0.600729560003
0.410066716987
0.170520554384
-0.0915588370134
-0.341373761959
-0.548797151214
-0.698436471194
-0.790674032401
-0.834601112487
-0.838473182538
-0.803183903891
-0.721614072696
-0.584101488732
-0.387744999458
-0.144491666916
0.117959325109
0.364666144941
0.566658074427
0.710256115915
0.797136993812
0.836727065874
0.836749030805
0.797207966739
0.710387634178
0.566858438164
0.364929349479
0.118259792282
-0.144193310098
-0.387487306991
-0.583908124817
-0.721489201074
-0.803118364467
-0.838455725648
-0.83462764063
-0.790750565475
-0.698574731178
-0.549004458545
-0.341642211955
-0.0918609984731
0.170224715097
0.409814782532
0.600543232494
0.732144451515
0.808629100947
0.839791465721
0.83210373088
0.783800498709
0.686167466625
0.530545350443
0.317907815866
0.0653320587393
-0.196018314466
-0.431627939534
-0.616561015907
-0.742231315932
-0.813679819328
-0.840737710327
-0.829171141702
-0.776346414801
-0.673158892692
-0.511488718071
-0.293752112061
-0.0387102986546
0.221539875139
0.45290801726
0.631960710477
0.751759851918
0.818280706719
0.841296908956
0.825822880618
0.768376913903
0.659543120967
0.491844012559
0.269202699094
0.0120334390063
-0.246756290562
-0.473638151611
-0.646743089228
-0.760740610939
-0.822441438135
-0.84147051851
-0.822051175415
-0.759880653623
-0.645315429427
-0.47162256459
-0.244288737436
0.0146605643044
0.271635706309
0.493803388131
0.660910376202
0.769184523968
0.826171099032
0.841258992717
0.817847533646
0.750846457792
0.630472365392
0.450837605877
0.21904085256
-0.0413336821461
-0.296147636502
-0.51339068285
-0.674466153458
-0.777102788436
-0.829478113785
-0.840661778843
-0.813202808558
-0.74126342775
-0.615011843609
-0.429504279073
-0.193491027459
0.0679479745963
0.320263070282
0.532388891226
0.687415262462
0.784506757169
0.832370180395
0.839677321702
0.808107271198
0.731121055549
0.598933238668
0.407639635735
0.167672485281
-0.0944657527032
-0.343954567654
-0.550788745539
-0.699763700707
-0.791407829905
-0.834854211622
-0.83830307495
-0.802550688456
-0.720409338422
-0.582237470906
-0.385262622114
-0.14161956286
0.120849738345
0.367196344151
0.568582821194
0.711518514387
0.797817347958
0.836936282766
0.836535519653
0.796522406734
0.70911889383
0.564927085023
0.362394052587
0.115367576004
-0.14706322098
-0.389964343832
-0.585765492429
-0.722687687951
-0.803746492568
-0.838621586235
-0.834370190046
-0.790011440909
-0.697241074363
-0.547006320622
-0.339056570695
-0.0889526774944
0.173070210112
0.412236300296
0.602332878033
0.733280031356
0.809206187392
0.839914393075
0.831801706433
0.783006568219
0.684768081752
0.528481173956
0.315274597812
0.0624117088131
-0.198835582343
-0.433991785441
-0.618282777708
-0.743305065805
-0.81420700562
-0.840818021545
-0.828823815125
-0.775496426672
-0.671693079203
-0.509359450182
-0.291074269614
-0.0357820466901
0.224325221941
0.455212245845
0.633614599787
0.752772908756
0.818759082074
0.841334812848
0.82542943529
0.767469617502
0.658010301258
0.489650805489
0.266483360622
0.00910144560828
-0.249506153909
-0.475881026757
-0.648329281033
-0.761694158936
-0.822872030694
-0.84146611408
-0.821610712575
-0.758914811209
-0.643715160372
-0.469366778527
-0.24153119716
0.0175921225527
0.274346668628
0.49598338375
0.662429199313
0.770079782082
0.826554867705
0.841212268447
0.817359079325
0.749820856625
0.628804349366
0.448520810645
0.216248559254
-0.0442606305206
-0.29881643722
-0.515506482245
-0.675918079936
-0.777940998083
-0.829815940774
-0.840572612773
-0.812665321201
-0.740176892445
-0.613275938933
-0.427128254489
-0.19066757203
0.0708661580557
0.322886616887
0.534439385166
0.688800896482
0.785289170168
0.832662864409
0.839545482316
0.807519649953
0.729972460598
0.597129469378
0.405206370654
0.164821587305
-0.097371053564
-0.346529945552
-0.552773029091
-0.701083766948
-0.792135696745
-0.835102461811
-0.838128222864
-0.801911782096
-0.719197620817
-0.580366035759
-0.382774312113
-0.138745056172
0.123738093673
0.369720825256
0.570500189364
0.712773846034
0.798491906445
0.837140713397
0.83631721009
0.795831023172
0.707843065703
0.562988365652
0.359853096295
0.11247339344
-0.149930639566
-0.392435393867
-0.587615434679
-0.723879214414
-0.8043689569
-0.838782712126
-0.834107876102
-0.789266357279
-0.695900235569
-0.545000888763
-0.336465564752
-0.0860428348916
0.17591278891
0.414651584744
0.604115071734
0.734408765773
0.809777737726
0.840032625793
0.831494743126
0.782206541477
0.683361432301
0.526409797665
0.312636330488
0.0594902883859
-0.20164952225
-0.436349174152
-0.619997080613
-0.74437209244
-0.814728778163
-0.840893666392
-0.828471464202
-0.774640204652
-0.670219931466
-0.507223098965
-0.288391713096
-0.0328531799086
0.227106842792
0.457509816276
0.635261041589
0.753779370348
0.819232159754
0.841368066632
0.825030870789
0.766555950407
0.656470091849
0.487450654288
0.263759662011
0.00616929570163
-0.252251908601
-0.47811706585
-0.649908054114
-0.762641244106
-0.823297434433
-0.841457063686
-0.821165027123
-0.757942463447
-0.642107461617
-0.467104210501
-0.238769668227
0.0205233783323
0.277053156254
0.498156388474
0.663940648746
0.770968712852
0.82693354834
0.841160890206
0.816865291144
0.748788618951
0.627128880271
0.446197418688
0.213452665014
-0.0471868187413
-0.301480415151
-0.517615158809
-0.677362692848
-0.778773017595
-0.830148771656
-0.840478772634
-0.812122381807
-0.739083594338
-0.611532575557
-0.424745841453
-0.187840918197
0.0737831269199
0.325505011694
0.536482646956
0.69017929086
0.786065530663
0.832950634691
0.839408936818
0.806926452514
0.728816982797
0.595318254523
0.402766948238
0.161967906727
-0.100274690558
-0.349099862729
-0.554749993369
-0.70239667998
-0.792857647868
-0.83534587047
-0.83794862091
-0.801267170417
-0.717978907949
-0.578487187887
-0.380280098402
-0.13586819432
0.126624342918
0.372239557675
0.572410172784
0.714022122082
0.799160683933
0.837340363984
0.83609409551
0.795133801285
0.706560138924
0.561042286942
0.357306511938
0.109577293061
-0.152795518746
-0.394900428923
-0.589457947682
-0.725063792697
-0.804985771713
-0.838939108289
-0.83384069101
-0.788515299577
-0.694552205129
-0.542988172231
-0.333869227776
-0.0831315199354
0.178752405641
0.417060610171
0.605889811891
0.735530667862
0.810343765667
0.840146167561
0.831182832045
0.781400403361
0.681947509963
0.524331233263
0.309993049764
0.0565678473233
-0.204460089771
-0.438700082469
-0.621703924988
-0.745432409637
-0.815245150034
-0.840964647243
-0.828114078959
-0.773777733652
-0.668739442673
-0.505079678591
-0.285704480488
-0.0299237485588
0.229884694882
0.459800707883
0.636900038216
0.754779251049
0.819699952085
0.841396671356
0.82462717616
0.765635897699
0.65492248757
0.485243575643
0.26103164323
0.00323703970457
-0.25499351359
-0.480346250759
-0.651479412646
-0.763581881206
-0.823717660831
-0.841443367041
-0.820714107205
-0.756963595734
-0.640492329763
-0.464834879731
-0.236004192457
0.0234542812713
0.279755130054
0.500322386696
0.66544473039
0.77185133129
0.827307151482
0.841104856375
0.816366156445
0.747749730635
0.625445956603
0.443867451761
0.210653213356
-0.0501121966976
-0.304139533203
-0.519716699435
-0.678799999662
-0.779598862094
-0.830476615958
-0.840380255486
-0.811573977013
-0.737983519911
-0.60978175399
-0.42235706424
-0.185011111012
0.0766988315522
0.32811821977
0.538518665949
0.691550454502
0.786835853745
0.833233499681
0.839267680969
0.806327664918
0.727654609399
0.593499596732
0.400321395252
0.15911148996
-0.103176614732
-0.351664286515
-0.556719630134
-0.703702450005
-0.793573698194
-0.835584444884
-0.837764263581
-0.800616838981
-0.716753187997
-0.576600932136
-0.377780010192
-0.13298902489
