0.0
0.260967236466
0.503848221259
0.711810164651
0.87044033002
0.968744903995
0.999910919209
0.961778424849
0.85699018136
0.692808504769
0.480611954175
0.235106744311
-0.0266924640067
-0.28664175956
-0.526725438749
-0.730304578226
-0.883270190203
-0.975021041388
-0.999198368099
-0.954126568365
-0.842929328993
-0.673313139438
-0.457033196
-0.20907871166
0.0533659065741
0.312112017555
0.549227304008
0.748278566102
0.89547061916
0.980602364562
0.997773773655
0.945794787369
0.828267792888
0.653337961341
0.433128749302
0.182901686469
-0.080001319818
-0.337359859972
-0.571337781876
-0.765719319756
-0.907032922691
-0.985484896185
-0.995638151062
-0.936789019209
-0.813016021069
-0.63289720508
-0.408915648738
-0.156594322868
0.106579722954
0.362367294831
0.593041116106
0.78261441065
0.917948861327
0.989665156893
0.992793022197
0.927115681526
0.797184882173
0.612005437038
0.384411148917
0.130175367867
-0.133082175825
-0.387116501469
-0.614321840584
-0.798951799098
-0.928210656212
-0.993140167771
-0.98924041454
-0.916781667682
-0.780785657699
-0.590677544992
-0.359632712102
-0.103663648
0.159489792395
0.411589843241
0.635164790355
0.814719842837
0.937810994641
0.995907452476
0.98498285973
0.905794341846
0.763830033973
0.568928727509
0.334597995771
0.0770780559055
-0.185783754213
-0.435769880085
-0.65555511243
-0.82990730533
-0.946743035273
-0.997965039
-0.980023391765
-0.894161533746
-0.746330093822
-0.546774483115
-0.309324840025
-0.0504375368635
0.211945323816
0.459639380954
0.675478276368
0.844503363768
0.955000413006
0.999311461078
0.974365544832
0.881891533093
0.728298307957
0.524230599247
0.283831254886
0.0237610752969
-0.23795585809
-0.483181336095
-0.694920084631
-0.858497616789
-0.962577243511
-0.999945759229
-0.968013350796
-0.868993083666
-0.709747526092
-0.501313141006
-0.258135407453
0.00293231875867
0.263796821548
0.506378969167
0.713866682703
0.871880091883
0.969468127428
0.999867481443
0.960971336324
0.85547537709
0.690690967785
0.478038439706
0.232255608963
-0.0296236232011
-0.289449799542
-0.529215749197
-0.732304568962
-0.884641252503
-0.975668154214
-0.999076683502
-0.953244519657
-0.841348046279
-0.671142213018
-0.45442308124
-0.206210301738
0.0562938174174
0.314896511385
0.551675402363
0.750220604301
0.89677200486
0.981172905639
0.99757392894
0.944838407038
0.826621158575
0.651115192517
0.430483894257
0.180018046043
-0.0829238958381
-0.340118823381
-0.573741923588
-0.767602021492
-0.908263704402
-0.985978458936
-0.995360288642
-0.935758988785
-0.811305208574
-0.630624177831
-0.406237938169
-0.153697506862
0.109494881481
0.365098761741
0.595399587949
0.784436434283
0.919108161978
0.990081389598
0.992437340081
0.926012735024
0.795411110644
0.609683771156
0.381702491
0.127267440595
-0.135987839474
-0.389818525396
-0.616632961876
-0.800711846226
-0.929297649668
-0.993478773817
-0.988807166192
-0.915606591078
-0.778950191152
-0.58830889493
-0.356895037067
-0.100746681693
0.162383890548
0.414260498683
0.637426914158
0.816416659226
0.938824906295
0.996168190567
0.984472353889
0.904547972517
0.761934180389
0.566514781202
0.331833254524
0.0741541292365
-0.188664224493
-0.438407263895
-0.657766626721
-0.831539681804
-0.947683142596
-0.998147723331
-0.979435992225
-0.892844759874
-0.744375204213
-0.544316960776
-0.306535002762
-0.0475087334651
0.214810113558
0.462241613694
0.67763760519
0.846070137072
0.955866046063
0.999415961465
0.973701670182
0.880505293029
0.726285775407
0.521731252142
0.281018309685
0.0208294822772
-0.240802925803
-0.485746563376
-0.697025689214
-0.859997670417
-0.963367785441
-0.999972001203
-0.967273474124
-0.867538365265
-0.70767878476
-0.498773750206
-0.255301358861
0.00586461230375
0.26662413837
0.508905362969
0.715917062563
0.873312356874
0.970183014879
0.999815446304
0.960155984875
0.853953217005
0.688567491887
0.475460814819
0.229402476563
-0.0325545276764
-0.292255350686
-0.531701509176
-0.734298262968
-0.886004708205
-0.976306877746
-0.998946408332
-0.952354274464
-0.839759529225
-0.668965515773
-0.451809059118
-0.203340118714
0.0592212442176
0.317678297575
0.554118757131
0.752156191718
0.898065679654
0.981735010089
0.997365506574
0.943873902502
0.824967416551
0.648886825072
0.42783533769
0.17713285773
-0.0858457588362
-0.342874862274
-0.576141131974
-0.769478122992
-0.909486676398
-0.986463543739
-0.995073867605
-0.934720912226
-0.809587420061
-0.628345728153
-0.403556734559
-0.150799369286
0.112409098515
0.367827089344
0.597752940241
0.786251712929
0.920259559667
0.990489109077
0.99207312448
0.924901826191
0.793630499764
0.607356862901
0.37899055101
0.124358419013
-0.138892333829
-0.392517197464
-0.618938781042
-0.802465008425
-0.930376652547
-0.993808837424
-0.988365415573
-0.914423641621
-0.777108026793
-0.585935186287
-0.354154293266
-0.097828849115
0.165276592441
0.416927592102
0.639683557038
0.818106455648
0.939830745451
0.996420363095
0.983953383051
0.903293825423
0.760031775305
0.564095963711
0.329065660006
0.0712295649523
-0.191543072541
-0.441040878055
-0.659972485198
-0.833164908274
-0.948615101254
-0.998321825077
-0.978840170992
-0.891520308865
-0.742413914086
-0.541854758121
-0.303742529755
-0.0445795215623
0.217673056253
0.464839871844
0.679791107336
0.847629635431
0.956723460096
0.999511868362
0.973029423147
0.879111481929
0.72426699788
0.519227418925
0.278202948145
0.0178977101549
-0.24364792297
-0.488307613958
-0.699125300414
-0.861490329344
-0.964150043842
-0.999989644907
-0.966525280339
-0.866076187325
-0.705603958444
-0.496230070694
-0.252465115057
0.00879685542191
0.269449162621
0.511427380943
0.717961286602
0.874737112679
0.9708895602
0.999754814241
0.959332377514
0.852423714194
0.686438095333
0.472879101676
0.226547371643
-0.0354851522312
-0.295058388869
-0.534182697314
-0.736285643103
-0.887360545585
-0.976937206492
-0.998807543709
-0.951455840441
-0.838163791488
-0.66678306642
-0.449191152111
-0.200468187268
0.0621481618033
0.320457352204
0.556557347302
0.754085311712
0.899351632421
0.982288673078
0.997148508349
0.942901282055
0.823306581035
0.646652878166
0.425183102377
0.174246146337
-0.0887668836885
-0.345627952954
-0.578535386403
-0.771347608126
-0.910701828162
-0.986940146425
-0.994778890414
-0.933674798459
-0.807862670301
-0.626061875637
-0.400872060961
-0.147899935061
0.115322348997
0.370552254182
0.600101152748
0.788060230981
0.921403044493
0.990888311824
0.991700378528
0.923782964579
0.791843064842
0.605024732281
0.376275352266
0.121448328133
-0.141795633918
-0.395212494468
-0.621239278257
-0.804211270618
-0.931447655572
-0.994130355755
-0.987915166483
-0.913232829481
-0.775259180462
-0.583556439473
-0.351410504265
-0.0949101753541
0.168167873201
0.419591100564
0.641934699591
0.819789217571
0.940828503462
0.99666396789
0.983425951678
0.902031911345
0.758122835079
0.561672295833
0.326295236012
0.0683043881998
-0.194420273604
-0.44367069992
-0.662172668894
-0.834782970766
-0.949538903234
-0.998487342742
-0.978235933192
-0.890188192109
-0.740446240304
-0.539387896321
-0.300947445013
-0.041649926342
0.220534127283
0.467434133063
0.681938764291
0.849181845438
0.95757264773
0.999599180945
0.972348809507
0.877710111779
0.722241992734
0.516719121124
0.275385194474
0.0149657841389
-0.246490825126
-0.490864465822
-0.701218900176
-0.862975580737
-0.964924011987
-0.999998690188
-0.965768775875
-0.864606562419
-0.703523064983
-0.493682124343
-0.249626700428
0.0117290229002
0.272271870011
0.513945001402
0.719999337242
0.876154347046
0.971587757315
0.999685585775
0.958500521323
0.850886881807
0.684302796433
0.470293322477
0.223690318753
-0.0384154716665
-0.297858889989
-0.536659292276
-0.738266692276
-0.888708752986
-0.977559135032
-0.998660090828
-0.950549225315
-0.83656084679
-0.664594883725
-0.446569382728
-0.197594532094
0.0650745450072
0.323233651376
0.558991151908
0.756007947694
0.900629852101
0.982833889847
0.996922936131
0.941920554061
0.821638666308
0.644413371007
0.422527211122
0.171357936688
-0.0916872452777
-0.348378071747
-0.580924666289
-0.773210460819
-0.911909149245
-0.987408262893
-0.994475359604
-0.932620656478
-0.806130974125
-0.62377263992
-0.39818394046
-0.144999229116
0.11823460788
0.373274232822
0.602444205278
0.789861972888
0.922538606624
0.991278994405
0.991319105427
0.922656159808
0.790048821248
0.602687399348
0.373556918113
0.118537192978
-0.144697714775
-0.397904393232
-0.623534433737
-0.805950617792
-0.932510649533
-0.994443326044
-0.987456422793
-0.912034164898
-0.773403668055
-0.581172674943
-0.348663693657
-0.0919906855069
0.171057707968
0.422251001167
0.644180322462
0.821464930527
0.941818171748
0.996899002859
0.982890064305
0.900762241136
0.756207376125
0.55924379841
0.323522006365
0.0653786241313
-0.197295802942
-0.446296706878
-0.66436715889
-0.836393855367
-0.950454540593
-0.998644274901
-0.977623284017
-0.888848421059
-0.738472199786
-0.536916396588
-0.298149772572
-0.0387199729942
0.223393302048
0.470024375044
0.684080557588
0.850726753744
0.958413601665
0.999677898462
0.971659835114
0.876301194629
0.720210777382
0.514206380308
0.2725650729
0.0120337294395
-0.249331607829
-0.493417096982
-0.7033064705
-0.864453411824
-0.965689683222
-0.999999136968
-0.965003967237
-0.863129503182
-0.701436122272
-0.491129933059
-0.246786139381
0.0146610895263
0.275092236268
0.516458202699
0.72203119696
0.87756404779
0.972277600222
0.9996077615
0.957660423453
0.84934273306
0.682161613547
0.467703499455
0.220831342459
-0.0413454607859
-0.300656829966
-0.539131272766
-0.740241393455
-0.890049318813
-0.978172658018
-0.998504050956
-0.94963443688
-0.834950708913
-0.662400986503
-0.443943773513
-0.1947191779
0.0680003686669
0.32600717122
0.561420150022
0.757924083133
0.901900327706
0.983370655707
0.996688791859
0.940931726951
0.819963686711
0.642168322853
0.419867686761
0.168468253615
-0.0946068184931
-0.351125195008
-0.583308951088
-0.775066665052
-0.913108629267
-0.98786788912
-0.994163277786
-0.931558495347
-0.804392346421
-0.621478040686
-0.39549239617
-0.142097276393
0.12114585012
0.375993001859
0.604782077685
0.791656923158
0.923666236296
0.991661153463
0.990929308458
0.921521421568
0.788247784411
0.600344884201
0.370835271927
0.11562503858
-0.147598551447
-0.400592870612
-0.62582422775
-0.807683034989
-0.93356562529
-0.9947477456
-0.986989188447
-0.910827658179
-0.771541505528
-0.578783913192
-0.345913885059
-0.0890704046767
0.173946071893
0.42490727104
0.64642040634
0.823133580107
0.942799741799
0.99712546598
0.982345725541
0.899484825712
0.754285414913
0.556810492323
0.32074599491
0.0624522979039
-0.20016963583
-0.448918876347
-0.666555936317
-0.837997548226
-0.951362005456
-0.998792620205
-0.977002228738
-0.887501007235
-0.736491809506
-0.534440280173
-0.295349536486
-0.0357896867124
0.226250555964
0.472610575514
0.68621646881
0.852264347066
0.959246314669
0.999748020237
0.970962505893
0.874884742592
0.71817336929
0.511689218082
0.269742607672
0.00910157126799
-0.252170246651
-0.49596548549
-0.705387993435
-0.865923809898
-0.966447050963
-0.999990985244
-0.964230861001
-0.861645022317
-0.699343148253
-0.488573518789
-0.243943456341
0.0175930300889
0.277910237141
0.518966963224
0.724056848284
0.878966202789
0.972959082988
0.999521342086
0.956812091129
0.847791281228
0.680014565086
0.465109654879
0.217970467344
-0.0442750943959
-0.303452184741
-0.54159861753
-0.74220972966
-0.891382231541
-0.978777770175
-0.998339425436
-0.948711483001
-0.833333391704
-0.660201393619
-0.441314347042
-0.191842149412
0.0709256076246
0.328777887888
0.563844320758
0.759833701553
0.90316304831
0.983898966043
0.996446077546
0.93993480923
0.818281656646
0.639917753006
0.417204552163
0.165577121965
-0.0975255782306
-0.353869299114
-0.585688220297
-0.776916204866
-0.914300257913
-0.988319021154
-0.993842647644
-0.9304883242
-0.802646802141
-0.619178097667
-0.392797451234
-0.139194101846
0.124056050687
0.378708537916
0.607114749866
0.793445066355
0.924785923813
0.992034785711
0.990530990971
0.920378759614
0.786439969815
0.597997206981
0.36811043711
0.112711889978
-0.150498118991
-0.403277903488
-0.628108640606
-0.809408507315
-0.934612573772
-0.995043611806
-0.986513467463
-0.909613319697
-0.769672708892
-0.576390174762
-0.343161102117
-0.0861493579737
0.17683294014
0.427559887342
0.648654931965
0.824795151963
0.943773205175
0.997343355305
0.981792940065
0.898199676057
0.752356967968
0.554372398494
0.317967225517
0.0595254346796
-0.203041747556
-0.451537185783
-0.668738982356
-0.839594035552
-0.952261290023
-0.998932377379
-0.976372772693
-0.886145962223
-0.734505086492
-0.531959568367
-0.292546760833
-0.0328590926925
0.229105864461
0.475192712237
0.688346479591
0.853794612183
0.960070779582
0.999809545667
0.970256827839
0.873460767848
0.716129785975
0.509167656091
0.266917823059
0.00616933483642
-0.255006717183
-0.498509609432
-0.707463451082
-0.867386762316
-0.967196108697
-0.999974235086
-0.963449463814
-0.860153132587
-0.697244160925
-0.486012903514
-0.24109867575
0.0205248193776
0.280725848399
0.521471261406
0.726076273797
0.880360799987
0.973632199754
0.999426328276
0.955955531645
0.846232539654
0.677861669513
0.462511811052
0.215107718008
-0.047204347306
-0.30624493028
-0.544061305351
-0.744171683965
-0.892707479708
-0.9793744663
-0.998166215682
-0.947780371616
-0.831708909067
-0.657996123985
-0.438681125925
-0.188963471367
0.0738502367277
0.331545777555
0.566263643272
0.761736786534
0.904418003055
0.984418816313
0.996194795281
0.938929809467
0.816592590577
0.63766168082
0.414537830227
0.162684566599
-0.100443499393
-0.356610360472
-0.58806245346
-0.778759064356
-0.915484024938
-0.988761655114
-0.993513471934
-0.929410152237
-0.800894356293
-0.616872830637
-0.390099128824
-0.136289730436
0.126965184556
0.381420817643
0.609442201763
0.795226387107
0.925897659548
0.992399887935
0.990124156392
0.919228183773
0.784625393006
0.595644387876
0.36538243709
0.109797772222
-0.153396392475
-0.405959468775
-0.630387652662
-0.811127019932
-0.935651485977
-0.995330922117
-0.986029263931
-0.908391159894
-0.767797294217
-0.573991480233
-0.340405368501
-0.0832275705143
0.179718287888
0.430208827266
0.650883880123
0.826449631808
0.944738553507
0.997552668962
0.981231712631
0.896906803221
0.750422051874
0.551929537887
0.315185722079
0.0565980596253
-0.205912113426
-0.454151612671
-0.670916278234
-0.84118330362
-0.95315238656
-0.999063545222
-0.975734921296
-0.884783297675
-0.732512047828
-0.529474282501
-0.289741469714
-0.0299282161332
0.231959202988
0.47777076301
0.690470571617
0.855317535937
0.960886989316
0.999862474223
0.969542807021
0.872029282642
0.71408004501
0.506641716015
0.26409074335
0.00323704535778
-0.257840995038
-0.501049446934
-0.709532825597
-0.868842256498
-0.967936849984
-0.999948886637
-0.962659782396
-0.85865384682
-0.695139178334
-0.483448109251
-0.23825182207
0.0234564321835
0.283539045833
0.523971075711
0.728089456134
0.881747827392
0.974296944732
0.999322720886
0.955090752365
0.844666521739
0.675702945337
0.459909990311
0.212243119065
-0.0501331943289
-0.309035042567
-0.546519315055
-0.746127239501
-0.89402505192
-0.979962741262
-0.997984423185
-0.94684111073
-0.830077274971
-0.655785196564
-0.436044132802
-0.186083168517
0.0767742308286
0.334310816422
0.568678096762
0.763633321712
0.905665181152
0.984930202045
0.995934947223
0.937916736306
0.814896503027
0.635400125691
0.411867543883
0.159790612388
-0.103360556891
-0.35934835551
-0.59043163016
-0.780595227677
-0.916659920163
-0.989195787196
-0.993175753487
-0.928323988731
-0.799135023945
-0.614562259419
-0.387397452142
-0.133384187137
