[
0.08034346
 0.12342571
 0.24501458
 0.37633991
 0.50975537
 0.61589265
 0.69320738
 0.74854636
 0.78115302
 0.80303985
 0.81893921
 0.82485396
 0.82900167
 0.83126128
 0.82617795
 0.81875771
 0.80432987
 0.78123057
 0.74603778
 0.68970346
 0.60948038
 0.50061136
 0.37130666
 0.26292542
 0.15653509
 0.01782024
-0.12645864
-0.25644797
-0.38412911
-0.51452732
-0.64196676
-0.75406146
-0.85153311
-0.94421262
-1.01345718
-1.05366158
-1.06786549
-1.08125019
-1.07683146
-1.05401981
-1.01082313
-0.96728337
-0.91216618
-0.84480488
-0.76383346
-0.65783733
-0.53739685
-0.40693271
-0.26050401
-0.12462083
-0.00433309
 0.11331276
 0.24558589
 0.38680977
 0.5172112
  0.62156248
 0.69751984
 0.74929893
 0.78372669
 0.80444747
 0.81814337
 0.82760954
 0.83067036
 0.83000731
 0.82686377
 0.81771958
 0.8026467
  0.77888268
 0.74151981
 0.68596119
 0.60247797
 0.49119774
 0.36424369
 0.25658101
 0.14793454
 0.00474261
-0.13911057
-0.26014319
-0.39583081
-0.52882802
-0.65281314
-0.75583321
-0.85896921
-0.9522661
-1.01366854
-1.04432118
-1.0745554
 -1.08222246
-1.07497334
-1.04601622
-1.00972259
-0.96463072
-0.90280473
-0.83950394
-0.76094681
-0.6441015
-0.53125632
-0.39618918
-0.24653639
-0.1156173
  0.00190798
 0.12390971
 0.2578631
  0.39757171
 0.52634311
 0.63079023
 0.70385361
 0.75102323
 0.78526974
 0.80820155
 0.81874573
 0.8256098
  0.83132994
 0.83194041
 0.82458454
 0.81581759
 0.80305088
 0.7753666
  0.73614043
 0.67989212
 0.59316564
 0.47912169
 0.35823339
 0.24433169
 0.13919844
-0.00125242
-0.1512792
 -0.27840766
-0.40190557
-0.52910864
-0.6593554
 -0.77915502
-0.87002897
-0.94636202
-1.01368988
-1.05797052
-1.0785569
 -1.08337355
-1.07462454
-1.04218495
-0.99962062
-0.96651614
-0.90805054
-0.82713181
-0.74835116
-0.64558393
-0.517645
  -0.37962392
-0.23981774
-0.10542325
 0.01437498
 0.13294941
 0.26680383
 0.40576243
 0.53328842
 0.63638049
 0.70652497
 0.75333416
 0.78817141
 0.80908382
 0.81923652
 0.82680058
 0.83102733
 0.83006018
 0.82500535
 0.8160646
  0.79898518
 0.77388251
 0.73393673
 0.67313641
 0.58898091
 0.47076926
 0.34886962
 0.23737165
 0.12675224
-0.01137594
-0.15971006
-0.287076
  -0.40644839
-0.54372412
-0.68021739
-0.77742368
-0.85803872
-0.95655465
-1.02992296
-1.06525719
-1.0783819
 -1.07475722
-1.06841779
-1.04609227
-1.0043776
 -0.9565351
-0.89685071
-0.82576329
-0.74088478
-0.63203096
-0.50866473
-0.36976728
-0.22962518
-0.09580911
 0.02147022
 0.14314729
 0.27957457
 0.41935274
 0.54359978
 0.64315325
 0.71409309
 0.7574681
  0.78774184
 0.80989349
 0.82180882
 0.82696277
 0.830244
   0.8298586
  0.82542682
 0.81565922
 0.79738331
 0.77194083
 0.73112929
 0.66807753
 0.57967055
 0.46173781
 0.33819872
 0.23335832
 0.11984331
-0.02448659
-0.16862363
-0.29525542
-0.42422667
-0.55298615
-0.67365861
-0.78628874
-0.88600147
-0.96074152
-1.02072358
-1.06666708
-1.0785712
 -1.07303834
-1.07178259
-1.0446223
-0.99479961
-0.95398885
-0.89426297
-0.81844074
-0.73333955
-0.62712806
-0.49745303
-0.35700536
-0.22054937
-0.08918656
 0.03314237
 0.15347262
 0.28721958
 0.42919883
 0.55235988
 0.64730519
 0.71682948
 0.76067954
 0.78900337
 0.81103259
 0.82256615
 0.82710272
 0.83123982
 0.83010435
 0.82490021
 0.81520319
 0.79574406
 0.76893771
 0.7267701
  0.66108549
 0.57042855
 0.45435095
 0.32349068
 0.22676909
 0.11121109
-0.03808694
-0.1811804
 -0.30422419
-0.42553502
-0.55799741
-0.69415331
-0.79924721
-0.89342862
-0.96925914
-1.0181706
 -1.06501269
-1.08382165
-1.07713842
-1.07235074
-1.04440236
-0.99109995
-0.94480151
-0.88887197
-0.81580943
-0.72986078
-0.61849314
-0.48530737
-0.35162193
-0.21036598
-0.07840321
 0.03922339
 0.16195768
 0.29652014
 0.43741181
 0.5603627
  0.65262729
 0.72002923
 0.76363569
 0.7916382
  0.8106029
  0.82371873
 0.82886374
 0.82904077
 0.83073938
 0.82537645
 0.81255823
 0.79543304
 0.76523137
 0.72155523
 0.65794957
 0.56022418
 0.44573677
 0.32245335
 0.20944412
 0.10467049
-0.04416262
-0.19637826
-0.31516859
-0.43720073
-0.57044059
-0.69205087
-0.80190539
-0.90135938
-0.97847342
-1.02775073
-1.05557895
-1.07920909
-1.09376645
-1.06861532
-1.02868474
-0.9903273
 -0.94714481
-0.88204271
-0.81064534
-0.71859241
-0.60542607
-0.48217243
-0.33915758
-0.19760685
-0.07009427
 0.04838306
 0.17017235
 0.30895728
 0.44806579
 0.56674379
 0.65994918
 0.72500753
 0.7657519
  0.79387075
 0.81337768
 0.82354385
 0.82821167
 0.83009541
 0.82978511
 0.82383609
 0.81027216
 0.79230922
 0.76436156
 0.71782076
 0.65128219
 0.55664206
 0.4324939
 0.31356621
 0.20812647
 0.08983828
-0.06173683
-0.19390759
-0.32200292
-0.45797595
-0.58232701
-0.69472539
-0.81240988
-0.9116298
 -0.9738822
-1.02207434
-1.07236719
-1.08358455
-1.0756284
 -1.07301629
-1.03255022
-0.98103541
-0.93992728
-0.88447136
-0.80610377
-0.70548815
-0.60052145
-0.47085568
-0.32538787
-0.18808508
-0.06088733
 0.05740212
 0.18194424
 0.31856564
 0.45771003
 0.57650989
 0.66511738
 0.7275151
  0.76923949
 0.79721242
 0.81337249
 0.82254887
 0.82918268
 0.83132213
 0.82810205
 0.82234907
 0.80968869
 0.79101193
 0.76206613
 0.71307331
 0.6451273
 0.54818499
 0.42325097
 0.30421361
 0.20281559
 0.07791743
-0.07078089
-0.20363182
-0.33507523
-0.46458822
-0.58347398
-0.70672333
-0.82825476
-0.91599381
-0.97992522
-1.03072023
-1.06204104
-1.08679605
-1.08539784
-1.05752337
-1.03191054
-0.98299253
-0.93063658
-0.87835848
-0.80164248
-0.70082766
-0.58599842
-0.45971894
-0.31922895
-0.17663495
-0.04833487
 0.06599801
 0.19038519
 0.33162656
 0.46683773
 0.58204341
 0.67142433
 0.73193538
 0.76993185
 0.79690373
 0.81561482
 0.82363427
 0.82811129
 0.83190995
 0.82936341
 0.82062018
 0.80904454
 0.78936762
 0.75699484
 0.70967114
 0.63785654
 0.53837794
 0.41790897
 0.29203036
 0.19404653
 0.06981797
-0.08510986
-0.21002296
-0.34438768
-0.47583899
-0.59361929
-0.71858793
-0.83405304
-0.91579175
-0.9843713
 -1.03395784
-1.0720011
-1.08910656
-1.07825506
-1.05893111
-1.02524388
-0.98204035
-0.93690085
-0.8636595
 -0.78667289
-0.68872565
-0.57862931
-0.30443856
 0.11191905
-0.37015992
-0.23383482]