[-0.00086116  0.06161845  0.12513946  0.18241517  0.22901896  0.26522335
  0.28944173  0.30057392  0.2981267   0.28227291  0.25383604  0.21420985
  0.16521487  0.10887763  0.04734481 -0.01683281 -0.08050465 -0.14030711
 -0.19324328 -0.23697351 -0.26975599 -0.29030606 -0.29777077 -0.29171881
 -0.27210888 -0.23949677 -0.19551852 -0.14273925 -0.08376674 -0.02094862
  0.04316313  0.10553464  0.16303934  0.21298897  0.25322485  0.28200844
  0.29804608  0.30060929  0.28962463  0.26568139  0.2299784   0.18419951
  0.13032216  0.07043478  0.00689282 -0.05735863 -0.11896268 -0.17473285
 -0.22207963 -0.25906074 -0.2842328  -0.29658231 -0.29552746 -0.28088138
 -0.25292778 -0.21286455 -0.16300391 -0.10602877 -0.04435121  0.01961377
  0.08299801  0.1426357   0.19564092  0.23967274  0.27284527  0.29368854
  0.30125216  0.29521692  0.27593136  0.24438047  0.20208836  0.15095143
  0.09302351  0.03051773 -0.03385234 -0.09682262 -0.15507601 -0.20577851
 -0.24676386 -0.2764203  -0.2935766  -0.29749388 -0.28784481 -0.2647073
 -0.22888167 -0.18230993 -0.12765402 -0.06743868 -0.00401029  0.05995146
  0.12132907  0.17707467  0.22464752  0.26200902  0.28752795  0.3000488
  0.29901028  0.28451651  0.25732559  0.21877895  0.17066081  0.11498725
  0.05388427 -0.01015705 -0.07403877 -0.13439086 -0.18815748 -0.23292992
 -0.26691216 -0.28877544 -0.29762116 -0.29297662 -0.27475798 -0.24343701
 -0.20052515 -0.14853039 -0.09008755 -0.02755708  0.03655434  0.09925444
  0.15739751  0.2082372   0.2495658   0.27960324  0.2970041   0.30097675
  0.2913776   0.2687301   0.23417222  0.18934782  0.13621326  0.07684638
  0.01355699 -0.05077402 -0.11280759 -0.16931334 -0.21763186 -0.25576025
 -0.28220895 -0.29591945 -0.29626709 -0.2830247  -0.25641268 -0.21751133
 -0.16853794 -0.1121822  -0.05088432  0.01296813  0.07655862  0.13672692
  0.19053575  0.23559076  0.26996312  0.29213619  0.30110043  0.29646716
  0.27851745  0.24817355  0.20690973  0.15659407  0.09927113  0.03712442
 -0.02719739 -0.09047038 -0.1493548  -0.20095035 -0.24302401 -0.27391464
 -0.29240602 -0.29771531 -0.28947437 -0.26771286 -0.23312989 -0.18755084
 -0.13360837 -0.07386041 -0.01064963  0.05339704  0.1151897   0.17164578
  0.22016677  0.25866747  0.28547499  0.29937786  0.29974896  0.28662327
  0.26069346  0.22324535  0.17602625  0.12103879  0.06039123 -0.00347971
 -0.06753486 -0.12840314 -0.18297476 -0.22877061 -0.26393852 -0.28710508
 -0.29732665 -0.29408881 -0.27726614 -0.24725199 -0.20543426 -0.15425271
 -0.09636499 -0.03414829  0.02993058  0.09292541  0.15167715  0.20338325
  0.24578539  0.27706179  0.29581791  0.3011981   0.29299051  0.27165025
  0.23825638  0.19440696  0.14203718  0.08321514  0.02020927 -0.04416492
 -0.10659311 -0.16380586 -0.21307474 -0.25233451 -0.28004813 -0.29511324
 -0.29686064 -0.28502402 -0.25976497 -0.22204933 -0.17399326 -0.11828275
 -0.05738942  0.00632004  0.07008265  0.13074902  0.18533672  0.23139405
  0.26694959  0.29044178  0.3008022   0.29757464  0.28097075  0.25184959
  0.2116337   0.16216183  0.10546638  0.04370741 -0.02053103 -0.08407111
 -0.14355485 -0.19601974 -0.2391644  -0.27127564 -0.29109409 -0.29779106
 -0.29095882 -0.27057955 -0.2372596  -0.1927025  -0.13950089 -0.08024476
 -0.01727909  0.0468186   0.10899326  0.16613159  0.2155779   0.25520045
  0.28328314  0.29856119  0.30034292  0.28859234  0.26393762  0.22760659
  0.18130825  0.12702884  0.06686328  0.0031952  -0.06099626 -0.12234771
 -0.17769764 -0.22449712 -0.26083559 -0.28529546 -0.29688764 -0.29505491
 -0.27963153 -0.25093937 -0.21024327 -0.15990336 -0.10259561 -0.04071916
  0.02329539  0.08655028  0.14588049  0.19842936  0.24188536  0.2743862
  0.29448742  0.30127349  0.29446211  0.27444077  0.24222821  0.19937477
  0.14779206  0.0895384   0.02684653 -0.03753485 -0.10032192 -0.15821244
 -0.20841001 -0.24878448 -0.27775171 -0.29416385 -0.29730844 -0.28687885
 -0.26298255 -0.22647658 -0.17936742 -0.12432791 -0.06386384 -0.00032746
  0.06357294  0.12470606  0.18004601  0.22708431  0.26380637  0.28860611
  0.30035785  0.29853845  0.28328943  0.25540635  0.21625891  0.16765176
  0.1116079   0.05026323 -0.01385805 -0.07762796 -0.13767952 -0.1909885
 -0.23518589 -0.26850471 -0.28964123 -0.29772195 -0.29229748 -0.27330688
 -0.24126816 -0.19776154 -0.14532875 -0.08658915 -0.02389584  0.04021977
  0.10274187  0.16053465  0.21088418  0.25160906  0.28095341  0.29759946
  0.30079108  0.29042292  0.26705575  0.2318611   0.1865049   0.13295588
  0.07329737  0.00986418 -0.05442739 -0.11622722 -0.17232832 -0.22011109
 -0.25760543 -0.28334764 -0.29630461 -0.29587525 -0.28185469 -0.25449711
 -0.21494877 -0.16547987 -0.10877729 -0.04726617  0.01665234  0.08013292
  0.14001094  0.19337745  0.23786789  0.27157691  0.2930142   0.30120265
  0.29579192  0.27710032  0.24608548  0.20424873  0.15347552  0.0958143
  0.03346497 -0.03088801 -0.09399751 -0.15253629 -0.2036396  -0.245112
 -0.27532005 -0.29307255 -0.29761058 -0.28858894 -0.26606399 -0.23078939
 -0.1846564  -0.13031518 -0.07030512 -0.00697026  0.05703383  0.11860003
  0.17466563  0.22266389  0.26053527  0.28663015  0.29976773  0.29935747
  0.28547224  0.25884151  0.22078249  0.17306234  0.1176917   0.05678857
 -0.00718106 -0.07114454 -0.13173074 -0.18585949 -0.23109047 -0.26560277
 -0.28804812 -0.29750752 -0.29349002 -0.27589321 -0.24515289 -0.20272535
 -0.15108913 -0.09289113 -0.03049709  0.03360374  0.09643941  0.15485761
  0.20608635  0.24789581  0.27848741  0.29649317  0.30109337  0.29211405
  0.27004716  0.2360065   0.1916139   0.13881725  0.07969028  0.01652328
 -0.04783129 -0.11004525 -0.1668694  -0.21561438 -0.25424886 -0.28126279
 -0.29557794 -0.29654968 -0.28393358 -0.25792316 -0.21954745 -0.17097929
 -0.11490774 -0.05378699  0.01000511  0.07367675  0.13407081  0.18823022
  0.23373453  0.26863584  0.29139841  0.30098557  0.29697898  0.27962774
  0.24982637  0.20902744  0.15908472  0.1020391   0.0400616  -0.02422756
 -0.08762424 -0.14677939 -0.19876531 -0.24131857 -0.27275497 -0.29183894
 -0.29776677 -0.29015398 -0.26633963 -0.23493025 -0.19219777 -0.13639848
 -0.07802054 -0.02120709]