[-0.00116017
 0.12534209
 0.24701515
 0.36012201
 0.46350231
 0.55541814
 0.63321196
 0.69957376
 0.74771233
 0.78761873
 0.81453136
 0.83034648
 0.83956652
 0.8397734
  0.82968696
 0.81389965
 0.78671685
 0.74740843
 0.69774247
 0.63016849
 0.55409608
 0.46022458
 0.35582622
 0.24182246
 0.12118551
-0.00594927
-0.12799229
-0.25111844
-0.36419701
-0.46705106
-0.55926337
-0.63496819
-0.70130998
-0.74978055
-0.78899383
-0.81315644
-0.83200521
-0.8409513
 -0.84082935
-0.8314009
 -0.81225143
-0.78473453
-0.74456968
-0.69250377
-0.62802066
-0.54824869
-0.45880393
-0.35241442
-0.23764021
-0.11624468
 0.00671258
 0.13402312
 0.25431803
 0.36865351
 0.46993567
 0.56136949
 0.63792873
 0.70103505
 0.75048615
 0.78860013
 0.8161687
  0.83419504
 0.84069498
 0.84030285
 0.83056414
 0.81163213
 0.78309709
 0.74439324
 0.69182348
 0.6272338
  0.54622427
 0.45321707
 0.34894827
 0.23376884
 0.11134199
-0.01552309
-0.13777019
-0.26058468
-0.37397932
-0.47572001
-0.56372467
-0.6405636
 -0.70298754
-0.75430105
-0.7876466
 -0.8159258
 -0.83157831
-0.84072242
-0.83821904
-0.82957747
-0.80997756
-0.78211747
-0.74068677
-0.68974351
-0.62244781
-0.54131978
-0.4508481
 -0.34260242
-0.22794721
-0.11002323
 0.01785541
 0.14326377
 0.26458884
 0.37566055
 0.48014814
 0.56845166
 0.64373158
 0.70479842
 0.75593756
 0.79162642
 0.81673287
 0.83406586
 0.84193041
 0.83879571
 0.82860443
 0.81013227
 0.78219027
 0.73781538
 0.686776
   0.62039369
 0.53768493
 0.44434678
 0.34029352
 0.22443035
 0.10168051
-0.02308676
-0.14954807
-0.26815305
-0.38083182
-0.48201461
-0.57174488
-0.64657042
-0.70726192
-0.75629825
-0.79327488
-0.81787757
-0.83343439
-0.84018402
-0.8392047
 -0.82844154
-0.80955059
-0.78113763
-0.73692879
-0.68324727
-0.61749629
-0.53575195
-0.44145737
-0.33572627
-0.21939056
-0.09677643
 0.0283762
  0.15197189
 0.2725323
  0.38354308
 0.48436869
 0.57267504
 0.64602116
 0.7097517
  0.75951666
 0.79441203
 0.81789419
 0.83470955
 0.84047504
 0.83852189
 0.82792865
 0.80853421
 0.77788197
 0.73570626
 0.68194593
 0.61297926
 0.5350904
  0.43767878
 0.33172457
 0.21573398
 0.09136578
-0.0320306
 -0.15853279
-0.27697526
-0.38747158
-0.48849532
-0.57665017
-0.64897279
-0.71230157
-0.76215342
-0.79603837
-0.81813389
-0.83386956
-0.83962962
-0.84037782
-0.82826977
-0.80768105
-0.77712135
-0.73314377
-0.67970986
-0.60934739
-0.52896066
-0.43223925
-0.32753611
-0.21016152
-0.08977833
 0.03757673
 0.16217309
 0.28290642
 0.39255625
 0.49411378
 0.58144912
 0.65399621
 0.71288237
 0.76164907
 0.79797196
 0.81944077
 0.83525522
 0.84053241
 0.83978267
 0.82620462
 0.80731778
 0.77410428
 0.73476629
 0.67796141
 0.60902902
 0.52649339
 0.42980525
 0.32309224
 0.20809283
 0.08376948
-0.04191455
-0.1665064
 -0.28633193
-0.3960613
 -0.49619879
-0.58250614
-0.65667788
-0.7166718
 -0.76178804
-0.7972266
 -0.82028607
-0.83453667
-0.84032886
-0.83978564
-0.82624666
-0.80473896
-0.77485287
-0.72915534
-0.67463852
-0.60491552
-0.5222785
-0.425945
  -0.31889956
-0.20238703
-0.07727993
 0.04639921
 0.16977916
 0.28965458
 0.40300053
 0.49952777
 0.58493087
 0.65848171
 0.71655434
 0.76465031
 0.79936823
 0.82177219
 0.8345807
  0.84261625
 0.83827857
 0.82727252
 0.80554757
 0.77247151
 0.72945933
 0.67280594
 0.60117939
 0.52019732
 0.42161393
 0.31329889
 0.19732324
 0.07555232
-0.05377438
-0.17318186
-0.29485871
-0.40296516
-0.50499718
-0.59073116
-0.6604323
-0.72096619
-0.76541077
-0.80021083
-0.82456933
-0.83713269
-0.84113768
-0.83844799
-0.82394965
-0.80178157
-0.7715131
 -0.72719537
-0.67117628
-0.60055385
-0.5158824
 -0.41931268
-0.31161576
-0.1930153
 -0.06937992
 0.05335865
 0.17969695
 0.29693466
 0.40949698
 0.50552064
 0.58942223
 0.66355774
 0.72097663
 0.76795494
 0.80083857
 0.8229392
  0.83535559
 0.84090463
 0.84010129
 0.82603706
 0.80249538
 0.77062618
 0.72395138
 0.66771956
 0.59749
    0.51097598
 0.41547819
 0.30686356
 0.18676185
 0.06673308
-0.06228612
-0.18691116
-0.30154103
-0.41026949
-0.50994965
-0.59382669
-0.66679472
-0.72413155
-0.7687132
 -0.80205314
-0.82395468
-0.83935215
-0.84163044
-0.83657804
-0.8221882
 -0.80229253
-0.76760708
-0.72345781
-0.6648887
 -0.59451175
-0.50887023
-0.41238507
-0.30095313
-0.18436344
-0.06236706
 0.06545141
 0.18778301
 0.30841813
 0.41462158
 0.51206599
 0.59792381
 0.66807694
 0.72564082
 0.7705149
  0.80396677
 0.82364586
 0.83786282
 0.84141332
 0.83776451
 0.82225615
 0.79914622
 0.76622595
 0.72166366
 0.66195427
 0.592496
   0.50677521
 0.40670022
 0.29768118
 0.17975205
 0.05439184
-0.06971488
-0.19466878
-0.3121182
-0.4212028
 -0.5156443
 -0.59967898
-0.6711977
 -0.72741157
-0.77038059
-0.80342355
-0.82681443
-0.83696204
-0.84054034
-0.83774872
-0.82030305
-0.80002562
-0.76611105
-0.72016677
-0.66005552
-0.58731699
-0.50396969
-0.40252708
-0.2931621
 -0.17467386
-0.05069338
 0.07472685
 0.19764362
 0.31482011
 0.4242099
  0.51965723
 0.60229199
 0.67344013
 0.72954313
 0.77373474
 0.8048323
  0.8264558
  0.83878972
 0.84042088
 0.83454376
 0.82078699
 0.79820953
 0.7634267
  0.71866918
 0.65596175
 0.58691496
 0.4995747
  0.39897113
 0.28950935
 0.17074115
 0.04558785
-0.07847454
-0.20138093
-0.32033164
-0.42746056
-0.52392439
-0.60781397
-0.6774424
-0.7306207
 -0.77308632
-0.80585304
-0.82545381
-0.83996015
-0.83971742
-0.83512456
-0.82143846
-0.79614595
-0.76313314
-0.71577546
-0.6549679
-0.5807448
 -0.4960088
 -0.39674568
-0.28428534
-0.16401937
-0.04089144
 0.08385877
 0.20808612
 0.32449373
 0.42978156
 0.52559844
 0.60973589
 0.67602635
 0.73254796
 0.77528147
 0.8075233
  0.82580975
 0.83904049
 0.84153346
 0.83480567
 0.81959799
 0.79652858
 0.76047402
 0.7118601
 0.65225643
 0.57872301
 0.49280235
 0.39271303
 0.279068
   0.16067322
 0.03759878
-0.0897219
 -0.21089398
-0.32999082
-0.43558212
-0.52829114
-0.61293087
-0.6790422
 -0.73454015
-0.77649137
-0.80868741
-0.82880842
-0.84027757
-0.84087589
-0.83573096
-0.81964428
-0.79421608
-0.75931182
-0.70831317
-0.65143395
-0.57579492
-0.48852965
-0.38831956
-0.27619445
-0.15621543
-0.03338868]