[ 0.          0.15602647  0.30454809  0.43911963  0.5551518   0.65026798
  0.72418026  0.77817336  0.81436592  0.83493628  0.84146949  0.83453082
  0.81352096  0.77682965  0.72226995  0.64773666  0.55198197  0.43535032
  0.30028491  0.15143807 -0.0046999  -0.16060809 -0.30879869 -0.44287222
 -0.5583028  -0.65278026 -0.72607274 -0.77950118 -0.81519698 -0.83532928
 -0.84145756 -0.83411288 -0.81266205 -0.77546998 -0.72034174 -0.64518627
 -0.54879335 -0.43156438 -0.29600928 -0.14684308  0.00939959  0.16518274
  0.31303654  0.44660801  0.56143493  0.65527352  0.72794742  0.78081317
  0.8160142   0.83570987  0.84143369  0.83368242  0.81178914  0.7740943
  0.71839559  0.64261681  0.54558597  0.42776192  0.29172136  0.14224169
 -0.01409886 -0.16975023 -0.31726149 -0.4503269  -0.56454818 -0.65774776
 -0.72980436 -0.7821094  -0.81681762 -0.83607807 -0.84139788 -0.83323942
 -0.81090216 -0.77270254 -0.71643145 -0.64002825 -0.54235987 -0.42394303
 -0.28742131 -0.13763411  0.01879751  0.17431036  0.32147341  0.45402879
  0.56764251  0.66020302  0.73164362  0.78338992  0.81760731  0.8364339
  0.84135013  0.83278384  0.81000106  0.77129464  0.71444928  0.63742058
  0.53911508  0.42010781  0.28310928  0.13302053 -0.02349533 -0.17886295
 -0.32567214 -0.45771361 -0.57071789 -0.66263932 -0.73346524 -0.7846548
 -0.81838331 -0.8367774  -0.84129043 -0.83231565 -0.8090858  -0.76987054
 -0.71244901 -0.6347938  -0.53585166 -0.41625637 -0.27878543 -0.12840113
  0.02819212  0.18340781  0.32985754  0.46138126  0.57377429  0.66505667
  0.73526928  0.78590409  0.81914568  0.83710859  0.84121879  0.83183481
  0.8081563   0.76843017  0.71043061  0.63214789  0.53256964  0.4123888
  0.27444992  0.12377613 -0.03288766 -0.18794475 -0.33402947 -0.46503167
 -0.5768117  -0.66745511 -0.7370558  -0.78713787 -0.81989446 -0.8374275
 -0.84113519 -0.83134128 -0.80721251 -0.76697348 -0.70839404 -0.62948284
 -0.52926906 -0.40850521 -0.27010291 -0.11914572  0.03758174  0.19247359
  0.33818778  0.46866476  0.57983009  0.66983466  0.73882485  0.7883562
  0.82062971  0.83773415  0.84103962  0.83083503  0.80625439  0.7655004
  0.70633924  0.62679865  0.52594998  0.40460572  0.26574457  0.11451009
 -0.04227417 -0.19699413 -0.34233234 -0.47228043 -0.58282945 -0.67219535
 -0.74057648 -0.78955913 -0.82135148 -0.83802857 -0.84093209 -0.83031602
 -0.80528186 -0.76401088 -0.70426617 -0.62409531 -0.52261244 -0.40069042
 -0.26137505 -0.10986945  0.04696473  0.2015062   0.34646301  0.47587862
  0.58580974  0.6745372   0.74231074  0.79074672  0.82205981  0.83831077
  0.84081258  0.82978421  0.80429487  0.76250484  0.70217479  0.62137281
  0.51925649  0.39675944  0.25699452  0.10522399 -0.05165322 -0.20600961
 -0.35057965 -0.47945925 -0.58877096 -0.67686024 -0.74402771 -0.79191905
 -0.82275476 -0.83858079 -0.84068108 -0.82923956 -0.80329336 -0.76098223
 -0.70006505 -0.61863115 -0.51588218 -0.39281287 -0.25260315 -0.10057392
  0.05633944  0.21050419  0.35468214  0.48302224  0.59171308  0.67916451
  0.74572742  0.79307617  0.82343637  0.83883865  0.84053758  0.82868204
  0.80227728  0.759443    0.69793692  0.61587033  0.51248957  0.38885085
  0.24820111  0.09591944 -0.06102317 -0.21498974 -0.35877033 -0.48656753
 -0.5946361  -0.68145003 -0.74740995 -0.79421814 -0.82410468 -0.83908435
 -0.84038208 -0.8281116  -0.80124656 -0.75788707 -0.69579035 -0.61309035
 -0.5090787  -0.38487347 -0.24378856 -0.09126074  0.06570421  0.21946609
  0.3628441   0.49009503  0.59754     0.68371685  0.74907534  0.79534503
  0.82475975  0.83931793  0.84021454  0.8275282   0.80020115  0.75631439
  0.6936253   0.6102912   0.50564965  0.38088087  0.23936568  0.08659804
 -0.07038235 -0.22393306 -0.36690331 -0.49360469 -0.60042478 -0.68596498
 -0.75072366 -0.79645689 -0.82540163 -0.83953941 -0.84003498 -0.8269318
 -0.79914098 -0.75472489 -0.69144174 -0.6074729  -0.50220246 -0.37687316
 -0.23493264 -0.08193153  0.0750574   0.22839048  0.37094784  0.49709643
  0.60329041  0.68819447  0.75235496  0.79755378  0.82603035  0.83974879
  0.83984336  0.82632236  0.79806599  0.75311853  0.68923963  0.60463545
  0.4987372   0.37285046  0.23048961  0.07726141 -0.07972914 -0.23283816
 -0.37497757 -0.5005702  -0.6061369  -0.69040535 -0.7539693  -0.79863577
 -0.82664596 -0.8399461  -0.83963967 -0.82569982 -0.79697614 -0.75149524
 -0.68701892 -0.60177884 -0.49525393 -0.36881289 -0.22603676 -0.0725879
  0.08439738  0.23727594  0.37899237  0.50402592  0.60896424  0.69259766
  0.75556674  0.79970292  0.82724851  0.84013135  0.83942391  0.82506416
  0.79587134  0.74985495  0.68477958  0.59890309  0.49175271  0.36476059
  0.22157427  0.06791119 -0.0890619  -0.24170364 -0.38299211 -0.50746353
 -0.61177242 -0.69477144 -0.75714735 -0.80075529 -0.82783804 -0.84030455
 -0.83919604 -0.82441532 -0.79475155 -0.74819762 -0.68252159 -0.59600821
 -0.48823362 -0.36069367 -0.21710232 -0.06323149  0.09372251  0.24612108
  0.38697668  0.51088298  0.61456144  0.69692671  0.75871117  0.80179293
  0.82841459  0.84046573  0.83895606  0.82375325  0.7936167   0.74652318
  0.68024489  0.59309421  0.48469671  0.35661226  0.21262109  0.058549
 -0.09837901 -0.2505281  -0.39094597 -0.51428421 -0.6173313  -0.69906354
 -0.76025827 -0.80281591 -0.8289782  -0.84061489 -0.83870393 -0.82307792
 -0.79246674 -0.74483158 -0.67794947 -0.59016109 -0.48114206 -0.35251651
 -0.20813075 -0.05386394  0.10303119  0.25492452  0.39489984  0.51766716
  0.620082    0.70118195  0.76178872  0.80382429  0.82952891  0.84075205
  0.83843966  0.82238927  0.79130159  0.74312276  0.67563529  0.58720888
  0.47756974  0.34840652  0.20363148  0.04917649 -0.10767884 -0.25931018
 -0.39883818 -0.52103178 -0.62281353 -0.70328198 -0.76330256 -0.80481811
 -0.83006677 -0.84087721 -0.8381632  -0.82168726 -0.79012121 -0.74139666
 -0.67330231 -0.58423758 -0.47397983 -0.34428245 -0.19912347 -0.04448688
  0.11232178  0.26368491  0.4027609   0.52437801  0.62552591  0.70536368
  0.76479987  0.80579746  0.83059181  0.8409904   0.83787455  0.82097184
  0.78892552  0.73965323  0.67095051  0.58124722  0.47037239  0.34014443
  0.1946069   0.03979531]