[ 0.          0.07471622  0.14472375  0.20561068  0.25353985  0.28549073
  0.29944975  0.2945372   0.27106267  0.23050555  0.17542177  0.10928277
  0.03625668 -0.03905433 -0.11190411 -0.1777016  -0.23230019 -0.27225903
 -0.29505988 -0.29926581 -0.28461176 -0.25202125 -0.20354814 -0.14224727
 -0.07198185  0.00281992  0.07744398  0.14718745  0.20765505  0.25503606
  0.28634448  0.29960724  0.2939885   0.26984236  0.22869054  0.17312645
  0.10665178  0.03345584 -0.04184853 -0.11451556 -0.17996573 -0.23407431
 -0.27343133 -0.29555648 -0.29905542 -0.28370764 -0.25048037 -0.20146762
 -0.13975822 -0.06924113  0.00563959  0.08016489  0.14963814  0.20968107
  0.25650973  0.28717293  0.29973825  0.29341382  0.26859821  0.22685532
  0.17081582  0.10401137  0.03065203 -0.04463902 -0.11711689 -0.18221395
 -0.23582774 -0.27457947 -0.29602697 -0.29881861 -0.28277846 -0.24891737
 -0.1993693  -0.13725682 -0.06649429  0.00845876  0.08287873  0.15207561
  0.21168857  0.25796073  0.287976    0.29984278  0.29281322  0.26733033
  0.22500006  0.16849011  0.10136176  0.02784552 -0.04742558 -0.11970787
 -0.18444608 -0.23756034 -0.27570335 -0.29647131 -0.2985554  -0.28182429
 -0.24733237 -0.19725336 -0.13474329 -0.06374158  0.01127718  0.08558524
  0.15449964  0.21367736  0.25938894  0.28875363  0.29992082  0.29218675
  0.26603883  0.22312492  0.1661495   0.0987032   0.02503654 -0.05020794
 -0.12228828 -0.1866619  -0.23927195 -0.27680287 -0.29688945 -0.29826581
 -0.28084521 -0.24572552 -0.19512    -0.13221785 -0.06098323  0.0140946
  0.08828419  0.15691003  0.21564727  0.26079424  0.28950574  0.29997235
  0.29153446  0.26472382  0.22123007  0.16379422  0.09603592  0.02222536
 -0.05298587 -0.12485788 -0.18886124 -0.24096241 -0.27787793 -0.29728136
 -0.29794986 -0.27984132 -0.24409695 -0.19296939 -0.12968074 -0.0582195
  0.01691079  0.09097534  0.15930654  0.21759812  0.26217649  0.29023227
  0.29999738  0.29085641  0.26338542  0.21931567  0.16142446  0.09336015
  0.01941221 -0.05575911 -0.12741645 -0.19104389 -0.24263159 -0.27892844
 -0.297647   -0.29760759 -0.27881271 -0.24244682 -0.19080173 -0.12713216
 -0.05545062  0.01972547  0.09365845  0.16168899  0.21952975  0.26353557
  0.29093317  0.29999591  0.29015266  0.26202375  0.21738189  0.15904044
  0.09067613  0.01659734 -0.05852743 -0.12996376 -0.19320966 -0.24427932
 -0.27995431 -0.29798634 -0.29723903 -0.27775946 -0.24077527 -0.18861722
 -0.12457236 -0.05267684  0.02253842  0.09633328  0.16405714  0.22144199
  0.26487138  0.29160835  0.29996793  0.28942327  0.26063893  0.2154289
  0.15664237  0.0879841   0.01378101 -0.06129058 -0.13249958 -0.19535835
 -0.24590548 -0.28095544 -0.29829935 -0.2968442  -0.27668167 -0.23908244
 -0.18641604 -0.12200154 -0.04989841  0.02534937  0.0989996   0.1664108
  0.22333465  0.26618377  0.29225777  0.29991344  0.28866832  0.25923108
  0.21345688  0.15423046  0.0852843   0.01096346 -0.06404831 -0.1350237
 -0.19748979 -0.2475099  -0.28193174 -0.29858601 -0.29642314 -0.27557944
 -0.23736849 -0.18419839 -0.11941995 -0.04711556  0.02815808  0.10165718
  0.16874976  0.22520759  0.26747265  0.29288137  0.29983245  0.28788785
  0.25780032  0.211466    0.15180492  0.08257696  0.00814494 -0.06680038
 -0.13753589 -0.19960377 -0.24909246 -0.28288314 -0.29884628 -0.29597589
 -0.27445285 -0.23563357 -0.18196446 -0.1168278  -0.04432856  0.03096431
  0.10430577  0.17107381  0.22706063  0.2687379   0.29347908  0.29972498
  0.28708195  0.25634679  0.20945644  0.14936597  0.07986233  0.0053257
 -0.06954655 -0.14003593 -0.20170012 -0.25065301 -0.28380954 -0.29908015
 -0.29550249 -0.27330201 -0.23387782 -0.17971445 -0.11422533 -0.04153764
  0.03376779  0.10694515  0.17338274  0.2288936   0.2699794   0.29405087
  0.29959101  0.28625069  0.2548706   0.20742836  0.14691382  0.07714064
  0.002506   -0.07228658 -0.14252359 -0.20377865 -0.25219141 -0.28471086
 -0.29928759 -0.29500298 -0.27212703 -0.23210141 -0.17744857 -0.11161277
 -0.03874305  0.0365683   0.10957508  0.17567635  0.23070635  0.27119704
  0.29459668  0.29943058  0.28539413  0.2533719   0.20538196  0.14444868
  0.07441213 -0.00031393 -0.07502022 -0.14499866 -0.20583917 -0.25370753
 -0.28558703 -0.29946859 -0.2944774  -0.270928   -0.23030449 -0.17516701
 -0.10899035 -0.03594503  0.03936557  0.11219533  0.17795444  0.23249871
  0.27239073  0.29511645  0.2992437   0.28451235  0.25185081  0.20331741
  0.14197079  0.07167705 -0.00313384 -0.07774723 -0.14746092 -0.20788151
 -0.25520123 -0.28643796 -0.29962313 -0.29392581 -0.26970503 -0.22848723
 -0.17286997 -0.1063583  -0.03314384  0.04215937  0.11480566  0.1802168
  0.23427053  0.27356034  0.29561015  0.29903037  0.28360544  0.25030746
  0.2012349   0.13948035  0.06893564 -0.00595346 -0.08046737 -0.14991015
 -0.20990548 -0.25667238 -0.28726359 -0.2997512  -0.29334824 -0.26845824
 -0.22664977 -0.17055765 -0.10371685 -0.03033972  0.04494944  0.11740585
  0.18246325  0.23602166  0.27470579  0.29607773  0.29879062  0.28267347
  0.248742    0.19913461  0.13697759  0.06618813 -0.00877256 -0.0831804
 -0.15234614 -0.2119109  -0.25812086 -0.28806383 -0.29985278 -0.29274476
 -0.26718772 -0.22479229 -0.16823027 -0.10106623 -0.02753292  0.04773554
  0.11999567  0.18469357  0.23775193  0.27582696  0.29651916  0.29852447
  0.28171652  0.24715456  0.19701672  0.13446273  0.06343478 -0.01159088
 -0.08588608 -0.15476866 -0.2138976  -0.25954653 -0.28883862 -0.29992786
 -0.29211541 -0.2658936  -0.22291495 -0.16588802 -0.09840669 -0.02472369
  0.05051742  0.12257488  0.18690757  0.23946119  0.27692376  0.29693438
  0.29823194  0.28073468  0.24554529  0.19488143  0.13193598  0.06067582
 -0.01440818 -0.08858417 -0.15717751 -0.21586539 -0.26094926 -0.28958789
 -0.29997645 -0.29146025 -0.26457598 -0.22101791 -0.16353111 -0.09573845
 -0.02191227  0.05329484  0.12514326  0.18910505  0.24114929  0.2779961
  0.29732336  0.29791306  0.27972803  0.24391432  0.19272891  0.12939758
  0.0579115  -0.01722421 -0.09127444 -0.15957247 -0.21781412 -0.26232894
 -0.29031157 -0.29999853 -0.29077933 -0.26323498 -0.21910134 -0.16115976
 -0.09306175 -0.01909892]