[
0.
         0.06369583
 0.12448717
 0.17960197
 0.22652704
 0.26312262
 0.28771997
 0.29919748
 0.29703177
 0.2813216
  0.25278334
 0.21271833
 0.16295349
 0.10575808
 0.04374016
-0.02027228
-0.08336031
-0.14264717
-0.1954294
 -0.23930018
-0.27225903
-0.29280303
-0.2999954
 -0.29350818
-0.27363716
-0.24128847
-0.19793717
-0.14556006
-0.08654551
-0.02358454
 0.04045188
 0.10264371
 0.16015505
 0.21036343
 0.25097937
 0.2801508
 0.29654754
 0.2994219
  0.28864281
 0.26470179
 0.22869054
 0.18225114
 0.12750121
 0.0669373
  0.0033211
 -0.06044655
-0.12145787
-0.17693079
-0.22433578
-0.2615112
 -0.28676187
-0.29893638
-0.29747959
-0.28245791
-0.25455634
-0.21504715
-0.16573195
-0.10885948
-0.04702309
 0.01695753
 0.08016489
 0.13971679
 0.19289769
 0.23728257
 0.27084753
 0.292062
 0.29995864
 0.29417735
 0.27498176
 0.24324718
 0.20042068
 0.14845512
 0.0897201
  0.02689391
-0.03715863
-0.09951676
-0.15733699
-0.20798275
-0.24914463
-0.27894568
-0.29602697
-0.29960963
-0.28953028
-0.26624852
-0.23082601
-0.18487798
-0.13049962
-0.07017057
-0.00664178
 0.05718986
 0.11841369
 0.17423793
 0.22211702
 0.25986773
 0.28576862
 0.29863866
 0.29789095
 0.28355961
 0.25629813
 0.21734962
 0.16849011
 0.11194755
 0.05030025
-0.0136407
 -0.07695965
-0.13676929
-0.19034233
-0.23523588
-0.26940283
-0.29128518
-0.29988511
-0.29481047
-0.27629266
-0.24517608
-0.20287962
-0.15133198
-0.0928837
 -0.03019999
 0.03386083
 0.09637762
 0.15449964
 0.20557659
 0.24727937
 0.27770636
 0.29547013
 0.29976064
 0.29038226
 0.26776263
 0.23293319
 0.18748215
 0.13348204
 0.07339524
 0.00996166
-0.05392617
-0.11535499
-0.17152371
-0.21987105
-0.25819241
-0.28474036
-0.29830433
-0.29826581
-0.28462656
-0.25800852
-0.21962546
-0.17122761
-0.11502189
-0.05357125
 0.01032221
 0.07374498
 0.13380502
 0.18776365
 0.23316037
 0.26792512
 0.29047266
 0.29977483
 0.29540746
 0.27756969
 0.24707493
 0.2053137
  0.1541903
  0.09603592
 0.03350236
-0.03055888
-0.09322666
-0.15164336
-0.20314522
-0.24538379
-0.27643301
-0.29487707
-0.29987491
-0.29119865
-0.26924391
-0.23501183
-0.19006335
-0.13644811
-0.07661092
-0.01328031
 0.05065586
 0.11228216
 0.16878847
 0.21759812
 0.25648544
 0.28367719
 0.29793344
 0.29860411
 0.28565863
 0.25968729
 0.22187437
 0.17394413
 0.11808214
 0.05683568
-0.00700244
-0.07052127
-0.13082436
-0.18516195
-0.23105627
-0.26641457
-0.28962454
-0.29962781
-0.29596824
-0.27881271
-0.2489435
 -0.20772262
-0.15702972
-0.09917636
-0.03680063
 0.02725319
 0.09006428
 0.1487685
  0.20068897
 0.24345814
 0.27512579
 0.29424787
 0.29995243
 0.29197935
 0.2706922
 0.23706166
 0.19262126
 0.13939745
 0.0798172
  0.01659734
-0.04737935
-0.10919557
-0.16603254
-0.21529853
-0.25474705
-0.28257926
-0.29752604
-0.29890582
-0.28665568
-0.26133423
-0.2240961
 -0.17663933
-0.12112792
-0.06009315
 0.00368182
 0.06728891
 0.12782767
 0.18253756
 0.22892386
 0.26487138
 0.28874092
 0.29944407
 0.29649276
 0.28002156
 0.25078156
 0.21010608
 0.15984989
 0.10230465
 0.04009439
-0.02394416
-0.08689086
-0.1458754
 -0.19820811
-0.24150266
-0.27378484
-0.29358261
-0.29999319
-0.29272428
-0.27210732
-0.23908244
-0.19515556
-0.1423297
 -0.0830137
-0.01991233
 0.04409703
 0.10609559
 0.16325626
 0.21297256
 0.25297743
 0.2814467
  0.29708217
 0.29917089
 0.28761761
 0.26294914
 0.22629036
 0.17931288
 0.12415885
 0.06334326
-0.00036075
-0.06404831
-0.12481531
-0.1798908
 -0.22676339
-0.26329572
-0.28782192
-0.29922363
-0.29698093
-0.28119609
-0.25258889
-0.21246379
-0.16265048
-0.10542041
-0.04338323
 0.02063219
 0.08370679
 0.14296442
 0.19570297
 0.23951758
 0.27241034
 0.29288137
 0.29999718
 0.29343332
 0.27348909
 0.24107392
 0.19766594
 0.14524451
 0.08620003
 0.02322488
-0.0408093
 -0.10298261
-0.16045998
-0.21062048
-0.25117681
-0.28027964
-0.2966019
 -0.2993993
 -0.28854428
-0.26453183
-0.22845689
-0.18196446
-0.12717457
-0.0665856
 -0.00296036
 0.06079986
 0.12178765
 0.177222
   0.22457513
 0.26168779
 0.28686764
 0.29896652
 0.29743271
 0.28233616
 0.25436526
 0.21479546
 0.16543113
 0.10852324
 0.04666676
-0.01731769
-0.08051247
-0.14003593
-0.19317384
-0.23750314
-0.27100246
-0.29214423
-0.29996441
-0.29410641
-0.27483733
-0.24303586
-0.2001521
 -0.14814153
-0.0893758
 -0.02653459
 0.03751658
 0.09985701
 0.15764403
 0.20824259
 0.24934541
 0.27907824
 0.29608528
 0.29959101
 0.28943559
 0.26608209
 0.23059542
 0.18459373
 0.1301747
 0.06981978
 0.00628112
-0.05754396
-0.11874506
-0.17453147
-0.22235935
-0.26004779
-0.28587821
-0.29867277
-0.29784804
-0.28344162
-0.25611045
-0.21710081
-0.1681915
 -0.11161277
-0.04994457
 0.01400107
 0.07730827
 0.13709027
 0.19062103
 0.2354596
  0.26956136
 0.29137129
 0.29989488
 0.29474345
 0.2761519
  0.244968
   0.20261372
 0.15102038
 0.09254061
 0.02984104
-0.03421925
-0.09671918
-0.15480877
-0.20583917
-0.24748345
-0.27784263
-0.29553237
-0.29974601
-0.29029143
-0.26759975
-0.23270568
-0.18720039
-0.13315887
-0.0730454
 -0.0096011
  0.054281
   0.11568793
 0.17181955
 0.22011632
 0.25837592
 0.28485374
 0.29834241
 0.29822686
 0.28451235
 0.25782426
 0.21937955
 0.17093127
 0.11468863
 0.05321626
-0.01068274
-0.07409461
-0.13412781
-0.18804487
-0.2333872
 -0.26808723
-0.29056264
-0.29978859
-0.29534436
-0.27743262
-0.24687013
-0.20505052
-0.15388073
-0.09569408
-0.03314384
 0.03091774
 0.09356949
 0.15195453
 0.20341053
 0.24559115
 0.27657297
 0.29494324
 0.29986428
 0.2911117
 0.26908461
 0.23478743
 0.1897841
  0.13612673
 0.07626207
 0.01291991
-0.0510114
 -0.11261661
-0.16908658
-0.21784631
-0.25667238
-0.28379436
-0.29797549
-0.29856914
-0.28554821
-0.25950647
-0.2216314
 -0.17365008
-0.11775042
-0.05648142
 0.00736309
 0.07087186
 0.13114891
 0.18544566
 0.2312862
  0.26658024
 0.28971838
 0.29964556
 0.29590908
 0.27867934
 0.248742
   0.20746218
 0.15672222
 0.09883582
 0.03644258
-0.02761243
-0.09040833
-0.14908166
-0.20095697
-0.24366876
-0.27526942
-0.29431796
-0.29994579
-0.29189628
-0.27053649
-0.23684041
-0.19234455
-0.1390779
-0.07946939
-0.01623713]