-0.0113098
0.197589
0.414252
0.643532
0.884824
1.1187
1.3059
1.41
1.38679
1.25925
1.07377
0.87043
0.662879
0.458268
0.249324
0.0377649
-0.17051
-0.387462
-0.614042
-0.85752
-1.09006
-1.2756
-1.38047
-1.37623
-1.27019
-1.10765
-0.907381
-0.695279
-0.48327
-0.277383
-0.0701678
0.140901
0.354604
0.580841
0.815113
1.05268
1.25841
1.38843
1.40599
1.29969
1.12744
0.927771
0.723675
0.519407
0.311278
0.0980112
-0.108015
-0.323474
-0.546051
-0.784424
-1.02247
-1.22704
-1.35916
-1.38784
-1.30863
-1.15977
-0.97001
-0.75865
-0.543669
-0.33607
-0.130079
0.080253
0.291912
0.514699
0.743537
0.980388
1.19995
1.35647
1.41594
1.34037
1.18426
0.988527
0.784568
0.577397
0.369792
0.158065
-0.050239
-0.262692
-0.483757
-0.715184
-0.958331
-1.17645
-1.32929
-1.39191
-1.34311
-1.20696
-1.02757
-0.81814
-0.60348
-0.395395
-0.18925
0.0200362
0.23096
0.450899
0.678376
0.916988
1.14497
1.32506
1.41358
1.3755
1.23634
1.04949
0.842236
0.635415
0.428779
0.219854
0.00904594
-0.199912
-0.418673
-0.645949
-0.890335
-1.11933
-1.29435
-1.38468
-1.36705
-1.2483
-1.08148
-0.877317
-0.664586
-0.455466
-0.249171
-0.0412509
0.169522
0.386124
0.611645
0.849378
1.08283
1.28316
1.39855
1.39974
1.27867
1.10333
0.898457
0.695504
0.490221
0.282597
0.0692282
-0.13685
-0.353892
-0.576878
-0.818711
-1.05396
-1.25038
-1.36915
-1.38335
-1.28991
-1.135
-0.940288
-0.72812
-0.515229
-0.308095
-0.102169
0.108114
0.321345
0.544083
0.776933
1.01206
1.22932
1.37152
1.4155
1.32154
1.16078
0.959124
0.757318
0.549541
0.342547
0.129457
-0.0771689
-0.291956
-0.512679
-0.748118
-0.989043
-1.20149
-1.34359
-1.39188
-1.32727
-1.18578
-1.0015
-0.790253
-0.576186
-0.367292
-0.161699
0.0480745
0.260579
0.480619
0.711043
0.946299
1.17387
1.34052
1.4187
1.359
1.21463
1.01966
0.816469
0.607126
0.401113
0.190109
-0.0188827
-0.230187
-0.448929
-0.679311
-0.923252
-1.14779
-1.31139
-1.39021
-1.35614
-1.22878
-1.05604
-0.848263
-0.635309
-0.426433
-0.221229
-0.0123734
0.19906
0.416087
0.644142
0.880971
1.11514
1.30347
1.40909
1.38814
1.26165
1.07685
0.87368
0.66636
0.46183
0.252934
0.0412333
-0.166889
-0.383742
-0.610061
-0.853392
-1.08631
-1.27308
-1.37957
-1.37715
-1.27257
-1.11072
-0.910992
-0.698928
-0.486693
-0.280776
-0.0736918
0.137332
0.350804
0.576887
0.8109
1.04857
1.25527
1.38688
1.4069
1.30227
1.13083
0.931411
0.727286
0.522874
0.314644
0.101495
-0.104621
-0.319979
-0.542516
-0.780566
-1.01898
-1.22445
-1.35771
-1.38829
-1.31079
-1.16281
-0.973646
-0.762284
-0.547185
-0.33951
-0.133499
0.0767814
0.288435
0.511096
0.739862
0.976644
1.19674
1.35464
1.41608
1.3424
1.18718
0.991855
0.787954
0.580697
0.37315
0.161579
-0.046869
-0.25913
-0.480086
-0.71104
-0.954408
-1.1732
-1.32723
-1.39181
-1.34481
-1.20939
-1.03068
-0.821429
-0.606874
-0.398787
-0.192649
0.0165578
0.227412
0.447162
0.674498
0.913203
1.14158
1.32295
1.41307
1.37723
1.23903
1.05276
0.845477
0.638818
0.432267
0.223467
0.0125252
-0.1963
-0.414972
-0.642045
-0.886409
-1.11577
-1.29213
-1.38409
-1.3683
-1.25093
-1.08473
-0.88106
-0.668324
-0.458942
-0.252587
-0.0447868
0.165967
0.382361
0.607778
0.845341
1.07901
1.2804
1.39727
1.40075
1.2808
1.10621
0.901563
0.698898
0.493711
0.286176
0.0726816
-0.133209
-0.350124
-0.572909
-0.814413
-1.04999
-1.24749
-1.36788
-1.38395
-1.29203
-1.13797
-0.943912
-0.731836
-0.51879
-0.311462
-0.105585
0.104688
0.317808
0.540315
0.772738
1.00779
1.22584
1.36959
1.41604
1.32386
1.16405
0.962607
0.760805
0.552844
0.345897
0.1329
-0.0738532
-0.288451
-0.509084
-0.744128
-0.985334
-1.19853
-1.34184
-1.3921
-1.32923
-1.18844
-1.00476
-0.793649
-0.579609
-0.370704
-0.165102
0.0446223
0.25705
0.47694
0.707259
0.942676
1.1707
1.3387
1.41851
1.36101
1.21765
1.02318
0.819798
0.610476
0.404527
0.193696
-0.0154711
-0.226582
-0.445178
-0.675324
-0.919322
-1.14449
-1.30946
-1.38981
-1.35751
-1.23118
-1.05907
-0.851637
-0.638811
-0.429934
-0.224688
-0.0159148
0.195581
0.41241
0.640338
0.8771
1.11156
1.30101
1.40814
1.38946
1.26402
1.07992
0.876915
0.669834
0.465388
0.256539
0.0447014
-0.163266
-0.380016
-0.606068
-0.849242
-1.08252
-1.27052
-1.37863
-1.37804
-1.27493
-1.11377
-0.914587
-0.702566
-0.490109
-0.284165
-0.0772158
0.133762
0.347
0.572922
0.806669
1.04443
1.25209
1.38528
1.40776
1.30485
1.13429
0.935041
0.730872
0.526256
0.318029
0.104954
-0.1013
-0.316509
-0.538989
-0.77669
-1.01546
-1.22182
-1.35623
-1.3887
-1.31292
-1.16584
-0.977263
-0.765907
-0.550693
-0.342945
-0.136917
0.0733091
0.284955
0.507485
0.736229
0.973122
1.19378
1.35311
1.41622
1.34456
1.19025
0.995386
0.791327
0.583989
0.376502
0.16509
-0.0434993
-0.255566
-0.476409
-0.707077
-0.950599
-1.17008
-1.32535
-1.39167
-1.34646
-1.2118
-1.03377
-0.824705
-0.61026
-0.402174
-0.196044
0.0130797
0.223861
0.443418
0.670609
0.909399
1.13816
1.32081
1.41253
1.37891
1.2417
1.05602
0.848762
0.642253
0.435788
0.227086
0.0160002
-0.192687
-0.411266
-0.638134
-0.882453
-1.11219
-1.28988
-1.38347
-1.36951
-1.25353
-1.08795
-0.884786
-0.67205
-0.462413
-0.256
-0.0483223
0.162411
0.378594
0.603899
0.841278
1.07515
1.27761
1.39595
1.40172
1.28289
1.10906
0.904663
0.702282
0.4972
0.289748
0.076137
-0.129571
-0.346352
-0.56893
-0.81009
-1.04599
-1.24455
-1.36655
-1.38451
-1.29412
-1.14091
-0.947519
-0.735539
-0.522343
-0.314825
-0.108999
0.101261
0.314267
0.536538
0.768526
1.00349
1.22232
1.36762
1.41654
1.32613
1.16729
0.96607
0.76428
0.556138
0.349242
0.136341
-0.0705374
-0.284942
-0.505482
-0.740122
-0.981599
-1.19554
-1.34005
-1.39229
-1.33116
-1.19108
-1.00801
-0.797033
-0.583024
-0.374111
-0.168503
0.0411698
0.253519
0.473253
0.703462
0.939034
1.16751
1.33685
1.41828
1.36298
1.22064
1.02667
0.823113
0.613818
0.407936
0.197279
-0.0120602
-0.222974
-0.441421
-0.671324
-0.91537
-1.14115
-1.30755
-1.3894
-1.35889
-1.2336
-1.06209
-0.854977
-0.642346
-0.433444
-0.228158
-0.0194648
0.192066
0.408712
0.636538
0.873208
1.10795
1.29851
1.40715
1.39074
1.26637
1.08296
0.880135
0.673299
0.468939
0.26014
0.0481683
-0.159641
-0.376285
-0.602066
-0.845072
-1.07871
-1.26792
-1.37765
-1.37889
-1.27726
-1.11679
-0.918165
-0.706192
-0.493519
-0.287551
-0.0807389
0.13019
0.343191
0.568948
0.80242
1.04027
1.24887
1.38365
1.40859
1.3074
1.13774
0.938653
0.734445
0.52962
0.321412
0.108408
-0.0979864
-0.313041
-0.535457
-0.772798
-1.01192
-1.21915
-1.35471
-1.38911
-1.31506
-1.16878
-0.980743
-0.769415
-0.554199
-0.34635
-0.140337
0.0698355
0.281472
0.503867
0.732583
0.96958
1.1908
1.35154
1.41635
1.34683
1.19347
0.999095
0.794687
0.587273
0.37985
0.1686
-0.0401297
-0.251998
-0.472725
-0.703214
-0.94685
-1.16703
-1.32357
-1.39149
-1.34809
-1.21418
-1.03685
-0.827969
-0.613638
-0.405556
-0.199437
0.00960158
0.220308
0.439668
0.666707
0.905577
1.13472
1.31863
1.41194
1.38056
1.24437
1.05927
0.852131
0.64575
0.439372
0.230718
0.0194684
-0.18907
-0.407554
-0.634224
-0.878458
-1.10859
-1.28759
-1.38282
-1.37068
-1.25611
-1.09116
-0.888496
-0.675766
-0.465878
-0.259409
-0.0518567
0.158852
0.374828
0.600007
0.83717
1.07126
1.27478
1.39458
1.40266
1.28496
1.11189
0.907748
0.705671
0.500642
0.293301
0.0795916
-0.125959
-0.342678
-0.564963
-0.805745
-1.04196
-1.24157
-1.36517
-1.38502
-1.29616
-1.14383
-0.951108
-0.739231
-0.525889
-0.318184
-0.112412
0.0978331
0.310722
0.532754
0.764298
0.999165
1.21878
1.3656
1.417
1.32838
1.1705
0.969516
0.767742
0.559425
0.352583
0.139781
-0.0672215
-0.28143
-0.501873
-0.736097
-0.977824
-1.1925
-1.33823
-1.39243
-1.33306
-1.19369
-1.01123
-0.800404
-0.586431
-0.377513
-0.171902
0.0377171
0.249984
0.46956
0.699653
0.935373
1.16429
1.33496
1.418
1.3649
1.2236
1.03014
0.826412
0.617144
0.411325
0.200872
-0.00863949
-0.219342
-0.437652
-0.667318
-0.911401
-1.13779
-1.30561
-1.38895
-1.36025
-1.23599
-1.0651
-0.858311
-0.645891
-0.43695
-0.231631
-0.0230182
0.188537
0.405001
0.632734
0.869297
1.10431
1.29598
1.40611
1.39198
1.26869
1.08598
0.883341
0.676755
0.472483
0.263738
0.0516341
-0.156014
-0.372549
-0.598052
-0.840881
-1.07487
-1.26528
-1.37663
-1.3797
-1.27956
-1.1198
-0.921726
-0.709807
-0.496923
-0.290932
-0.0842608
0.126617
0.339377
0.564963
0.798154
1.03607
1.24562
1.38197
1.40937
1.30992
1.14117
0.942248
0.738004
0.532977
0.324791
0.111861
-0.0946725
-0.309567
-0.531917
-0.768889
-1.00836
-1.21645
-1.35315
-1.38952
-1.31719
-1.17167
-0.984145
-0.77286
-0.5577
-0.349736
-0.143758
0.066361
0.277986
0.500242
0.728925
0.966019
1.18779
1.34993
1.41645
1.34906
1.19665
1.00278
0.798036
0.590561
0.383198
0.172094
-0.0367664
-0.248418
-0.469028
-0.69933
-0.943083
-1.16395
-1.32175
-1.39125
-1.34968
-1.21651
-1.03991
-0.831194
-0.617026
-0.408933
-0.202828
0.00612334
0.216753
0.435911
0.662795
0.901736
1.13125
1.31641
1.4113
1.38217
1.247
1.0625
0.855485
0.649238
0.442949
0.234347
0.0229356
-0.185452
-0.403837
-0.630303
-0.874443
-1.10495
-1.28527
-1.38213
-1.37182
-1.25866
-1.09434
-0.89219
-0.679471
-0.469337
-0.262815
-0.0553906
0.155292
0.371057
0.596104
0.833045
1.06732
1.27191
1.39327
1.40379
1.28753
1.11522
0.911226
0.709304
0.504107
0.296857
0.0830449
-0.122357
-0.339049
-0.560996
-0.80138
-1.0379
-1.23855
-1.36374
-1.38694
-1.30125
-1.1583
-0.965491
-0.758182
-0.54018
-0.318483
-0.104887
