0.0
0.205962748137
0.407124682209
0.582939946821
0.745167383922
0.861002371244
0.956768135705
0.99296766224
1.00602196877
0.956443604213
0.884571363951
0.75762769482
0.613024377401
0.430255537368
0.237457811754
0.0298764954404
-0.17840121622
-0.375572068345
-0.5639886594
-0.717292581648
-0.853877032315
-0.93730101435
-0.998877317943
-0.998265760381
-0.974385488717
-0.889842162246
-0.784557382254
-0.630427819545
-0.46160352796
-0.264040836183
-0.0603235801887
0.147149286592
0.351192230384
0.533370733699
0.70311682512
0.829088440225
0.935734718684
0.984124252578
1.00957469872
0.972171288781
0.912107404368
0.79525775898
0.659871340954
0.48340281345
0.295666583186
0.0895228146868
-0.118707653431
-0.319547649328
-0.512939265055
-0.674396432754
-0.820134001115
-0.914811866274
-0.988166255642
-0.999999630567
-0.98852387637
-0.915504843066
-0.82114618128
-0.675664800225
-0.51443425528
-0.321176187569
-0.120431779865
0.0878104403028
0.294005874823
0.481897163085
0.658555843999
0.794214315324
0.911360335784
0.971767106082
1.00952282306
0.984427913614
0.936386838341
0.830048418996
0.704362286727
0.534824138498
0.352819700761
0.148849499892
-0.0585902544708
-0.262382311019
-0.460058462141
-0.629092405403
-0.783462747141
-0.889056455689
-0.973927024859
-0.998163082153
-0.999132818685
-0.93789878716
-0.854803143624
-0.718489373843
-0.565428236287
-0.377164805097
-0.180109987516
0.0281580738686
0.235769794831
0.428703017241
0.611643541976
0.756504511812
0.883732013788
0.955940342953
1.005866527
0.993169717415
0.957322978094
0.861875457603
0.746338363362
0.584335916788
0.408713103848
0.207644729879
0.00173633630083
-0.20428015768
-0.405535057329
-0.581542253997
-0.743994202169
-0.860126740225
-0.956210465626
-0.992762672388
-1.00617443728
-0.956944038741
-0.885408099797
-0.758748638689
-0.614403401057
-0.431806785891
-0.23914512688
-0.0315948287134
0.176691917667
0.373978221605
0.562547415666
0.716093669522
0.852948397406
0.936700471383
0.998618865057
0.998365488274
0.974841072816
0.890625238908
0.785649698637
0.631761370482
0.463147229528
0.265698580985
0.0620567276227
-0.145448638397
-0.349563722071
-0.531915752544
-0.701869285477
-0.828126011115
-0.9350798335
-0.983817683002
-1.00962359063
-0.972572598265
-0.912851777254
-0.796298852282
-0.661184887685
-0.484907035137
-0.297326417719
-0.0912349244896
0.11698317616
0.317918166677
0.511442758858
0.673126072131
0.819119397076
0.914116185791
0.987805714427
0.999996675107
0.988878575555
0.91619511412
0.822155934579
0.676931170794
0.515927725114
0.322803776586
0.122155550368
-0.0860978063984
-0.292344297537
-0.480390088492
-0.657238400708
-0.793168524399
-0.91061057371
-0.971360051363
-1.00946796379
-0.984728665211
-0.937036190543
-0.831005944591
-0.70560566662
-0.536275962645
-0.354446128393
-0.150549273274
0.0568567555916
0.260723010394
0.458512036637
0.627755132003
0.782365796535
0.888268121561
0.973465682597
0.998057453892
0.999385366529
0.938493788046
0.855726728596
0.719684042571
0.566866142073
0.378756427152
0.181818226503
-0.0264395690767
-0.2340810811
-0.427149230099
-0.610260898861
-0.755379092985
-0.882890051789
-0.955434256449
-1.00570811243
-0.993368837315
-0.957874991151
-0.862745996723
-0.747507137028
-0.585730159774
-0.410300317551
-0.209326097934
-0.00347266746999
0.202596963481
0.403944233906
0.580142842448
0.742818821569
0.859248567136
0.955649969503
0.992554748464
1.00632393208
0.957441645058
0.886242218855
0.759867340106
0.615780608867
0.433356758227
0.240831735221
0.0333130686091
-0.174982096907
-0.372383269587
-0.561104509345
-0.71489264101
-0.852017241641
-0.936097160034
-0.998357460793
-0.998462265536
-0.975293775811
-0.891405683362
-0.786739693064
-0.633093054273
-0.464689562282
-0.267355540525
-0.0637896916504
0.143747560335
0.347934180637
0.530459199332
0.700619671487
0.827161134511
0.934422184723
0.98350820579
1.00966949863
0.972971033348
0.913593452242
0.797337592154
0.66249648031
0.4864098237
0.298985373514
0.0929467646511
-0.115258353151
-0.316287744431
-0.509944741112
-0.67185372211
-0.818102372162
-0.913417803673
-0.98744225379
-0.999990764196
-0.989230352147
-0.916882677394
-0.823163258028
-0.67819554072
-0.517419670143
-0.324430411568
-0.123878959845
0.0843849180353
0.290681856239
0.478881594124
0.655919014974
0.792120389295
0.909858120361
0.970950125828
1.00941012108
0.98502650648
0.93768277337
0.83196101418
0.706846961122
0.537726201849
0.356071508474
0.152248601713
-0.0551230886744
-0.259062939212
-0.456964256018
-0.626416003297
-0.781266533677
-0.88747716219
-0.973001463295
-0.997948875912
-0.999634960729
-0.939086015251
-0.8566477845
-0.7208765843
-0.568302372508
-0.380346929808
-0.183525928134
0.0247209861437
0.232391675551
0.425594180534
0.608876452144
0.754251441663
0.882045480443
0.954925346196
1.00554672553
0.993565021353
0.958424173246
0.86361398603
0.748673701465
0.587122671656
0.411886318627
0.211006847335
0.00520898837582
-0.200913170515
-0.402352216642
-0.578741716309
-0.741641245598
-0.85836785457
-0.955086648995
-0.992343891083
-1.00647045273
-0.957936421693
-0.887073718658
-0.760983795764
-0.617155996762
-0.434905449793
-0.242517631794
-0.0350312100493
0.173271758995
0.370787217004
0.559659944702
0.71368949966
0.851083567772
0.935491082087
0.998093105921
0.998556091882
0.975743596363
0.892183493301
0.787827362311
0.634422866982
0.466230521664
0.269011709906
0.0655224671502
-0.142046057432
-0.346303610897
-0.529001078368
-0.699367986843
-0.826193813264
-0.933761774298
-0.983195821858
-1.00971242259
-0.973366592853
-0.914332427141
-0.798373975525
-0.663806114952
-0.487911174697
-0.30064344567
-0.0946583301121
0.1135331895
0.314656387409
0.508445216245
0.670579386451
0.817082929377
0.912716721984
0.987075874806
0.99998189785
0.989579205107
0.917567530857
0.82416814865
0.679457906265
0.518910085959
0.32605608771
0.125602003203
-0.0826717802759
-0.289018555841
-0.47737168444
-0.654597690697
-0.79106991311
-0.909102977962
-0.970537330687
-1.0093492951
-0.985321436542
-0.938326584913
-0.832913624941
-0.708086166566
-0.539174851824
-0.357695836199
-0.153947480188
0.0533892588432
0.25740210238
0.45541512486
0.625075023243
0.780164961816
0.886683579916
0.972534368325
0.997837348532
0.999881600546
0.939675467023
0.857566308615
0.722066995507
0.569736923348
0.381936308363
0.185233087361
-0.0230023301487
-0.230701583177
-0.424037873142
-0.607490205917
-0.753121561181
-0.881198302246
-0.954413613698
-1.00538236677
-0.993758268947
-0.958970522756
-0.86447942296
-0.749838053227
-0.58851344832
-0.413471102389
-0.212686973113
-0.00694529388667
0.199228783758
0.400759010241
0.577338879721
0.740461477735
0.857484605132
0.954520505764
0.992130100868
1.0066139988
0.958428367184
0.887902596748
0.762098002364
0.618529560676
0.436452856013
0.244202811615
0.0367492479561
-0.171560908985
-0.369190068574
-0.558213726005
-0.712484249028
-0.850147378558
-0.934882239332
-0.997825801224
-0.998646967034
-0.976190533142
-0.892958666427
-0.788912703166
-0.635750804678
-0.46777010312
-0.270667084234
-0.0672550490009
0.140344134718
0.34467201767
0.527541393963
0.698114235244
0.825224050234
0.933098604176
0.982880532129
1.00975236238
0.973759275611
0.915068699765
0.799407999333
0.66511378774
0.489411083692
0.302300629285
0.096369615814
-0.111807690306
-0.313024100432
-0.506944188687
-0.669303068921
-0.816061071736
-0.912012942796
-0.986706578557
-0.999970076097
-0.989925133404
-0.918249672485
-0.825170603475
-0.680718263699
-0.520398968157
-0.327680800205
-0.127324675348
0.0809583981832
0.287354401261
0.475860363903
0.653274431782
0.790017098949
0.908345148745
0.970121667161
1.00928548602
0.985613454525
0.938967623268
0.833863774058
0.709323279288
0.540621908289
0.359319106768
0.155645903676
-0.051655271222
-0.255740504806
-0.453864647739
-0.623732195804
-0.779061084208
-0.885887377082
-0.972064399068
-0.997722872082
-1.00012528525
-0.940262141621
-0.858482298226
-0.723255272672
-0.571169790352
-0.38352455812
-0.186939699139
0.0212836061713
0.229010808974
0.422480312522
0.606102164276
0.751989454877
0.880348519701
0.953899060468
1.00521503665
0.993948579528
0.959514038065
0.865342304954
0.751000188871
0.589902485656
0.415054664154
0.214366470303
0.008681578871
-0.197543808187
-0.399164619413
-0.575934336831
-0.739279521466
-0.856598821431
-0.953951541486
-0.991913378451
-1.00675456986
-0.958917480077
-0.888728850678
-0.763209956613
-0.61990129655
-0.437998972313
-0.245887269704
-0.0384671772519
0.169849551933
0.367591829017
0.556765857529
0.711276892677
0.849208676767
0.934270633568
0.997555547491
0.998734890723
0.976634584828
0.893731200448
0.78999571242
0.637076863438
0.4693083021
0.272321658615
0.0689874320818
-0.138641797221
-0.343039405778
-0.526080150429
-0.696858420395
-0.824251848286
-0.932432676318
-0.982562337535
-1.0097893179
-0.974149080462
-0.915802267939
-0.800439660522
-0.666419494811
-0.490909546251
-0.303956919463
-0.0980806166993
0.110081860668
0.311390888324
0.505441662875
0.668024773291
0.815036802258
0.911306468189
0.986334366136
0.999955298971
0.990268136016
0.918929100261
0.826170619541
0.681976609296
0.521886312335
0.329304544252
0.129046971191
-0.0792447768211
-0.285689397416
-0.474347636979
-0.651949242139
-0.788961949923
-0.907584634949
-0.969703136477
-1.00921869404
-0.985902559565
-0.93960588654
-0.834811458723
-0.710558295633
-0.542067366967
-0.360941315383
-0.157343867159
0.0499211309357
0.2540781514
0.452312829239
0.622387524948
0.777954904115
0.885088556043
0.971591556912
0.997605446901
1.00036601413
0.94084603731
0.859395750625
0.724441412285
0.572600969286
0.385111674385
0.188645758424
-0.019564819291
-0.227319357938
-0.420921503278
-0.604712331323
-0.750855126098
-0.879496135321
-0.953381688026
-1.00504473565
-0.994135952532
-0.960054717568
-0.866202629463
-0.752160104963
-0.591289779558
-0.41663699924
-0.216045333942
-0.0104178381972
0.195858248784
0.397569048868
0.574528091789
0.738095380286
0.855710506086
0.95337975784
0.991693724472
1.00689216549
0.959403758927
0.889552478003
0.764319655224
0.62127120033
0.439543794125
0.247571001083
0.0401849928595
-0.168137692897
-0.365992503057
-0.555316343554
-0.710067434175
-0.848267465172
-0.933656266604
-0.997282345522
-0.998819862691
-0.977075750109
-0.894501093081
-0.791076386872
-0.638401039342
-0.470845114057
-0.27397542816
-0.0707196112731
0.136939049975
0.341405780046
0.524617352086
0.695600546009
0.823277210293
0.93176399269
0.982241239016
1.00982328901
0.974536006252
0.916533129495
0.801468956042
0.667723232305
0.492406557947
0.305612311308
0.0997913277112
-0.108355705688
-0.309756755913
-0.50393764325
-0.66674450334
-0.81401012397
-0.910597300251
-0.985959238641
-0.999937566516
-0.990608211929
-0.919605812178
-0.827168193891
-0.683232939338
-0.523372114099
-0.330927315053
-0.13076888564
0.0775309212541
0.284023549226
0.472833508139
0.650622125686
0.78790446915
0.906821438821
0.969281739874
1.00914891935
0.986188750809
0.940241372844
0.835756676135
0.711791211951
0.543511223585
0.36256245725
0.159041365619
-0.0481868431094
-0.252415047077
-0.450759673946
-0.62104101465
-0.776846424806
-0.884287119158
-0.971115843255
-0.997485073337
-1.00060378646
-0.941427152366
-0.860306663114
-0.725625410839
-0.57403045592
-0.386697652468
-0.190351260173
0.0178459745877
0.225627235069
0.419361450017
0.603320711167
0.749718578195
0.878641151624
0.952861497901
1.00487146428
0.994320387405
0.960592559666
0.867060393944
0.753317798075
0.592675325925
0.418218102972
0.217723559066
0.012154066734
-0.194172110529
-0.395972303324
-0.573120148751
-0.736909057693
-0.854819661721
-0.952805156518
-0.991471139582
-1.00702678529
-0.959887202296
-0.890373476291
-0.765427094919
-0.622639267966
-0.441087316882
-0.249254000775
-0.0419026897019
0.166425336937
0.36439209542
0.553865188362
0.708855877095
0.847323746556
0.933039140255
0.997006196124
0.998901882685
0.97751402768
0.895268342051
0.792154723328
0.639723328476
0.472380534449
0.275628387982
0.0724515814553
-0.13523589801
-0.339771145303
-0.523153003257
-0.694340615802
-0.822300139137
-0.931092555271
-0.981917237521
-1.00985427564
-0.974920051839
-0.917261282272
-0.802495882852
-0.669024996368
-0.493902114353
-0.307266799928
-0.101501743794
0.106629230467
0.308121708027
0.502432134257
0.665462262852
0.812981039907
0.909885441078
0.985581197182
0.999916878785
0.990945360138
0.920279806236
0.828163323578
0.684487250112
0.524856369056
0.33254910781
0.132490413607
-0.0758168365476
-0.282356861617
-0.471317981858
-0.649293086345
-0.786844659756
-0.906055562618
-0.968857478596
-1.00907616216
-0.98647202741
-0.9408740803
-0.836699423501
-0.713022024597
-0.544953473878
-0.364182527578
-0.160738394037
0.0464524128687
0.250751196751
0.449205186451
0.61969266889
0.775735649558
0.883483068798
0.970637259502
0.997361751743
1.00083860154
0.94200548507
0.861215033
0.726807264835
0.575458246029
0.38828248768
0.192056199347
-0.0161270771412
-0.223934445367
-0.41780015735
-0.601927307919
-0.748579814529
-0.877783571137
-0.952338491631
-1.00469522306
-0.994501883604
-0.961127562771
-0.867915595861
-0.754473264786
-0.594059120664
-0.419797970677
-0.219401140717
-0.0138902593498
0.192485398406
0.3943743875
0.571710511879
0.735720557194
0.853926290971
0.952227739217
0.991245624437
1.00715842887
0.960367808756
0.891191843114
0.766532272423
0.624005495417
0.442629536022
0.250936263807
0.0436202627026
-0.164712489113
-0.362790610837
-0.552412396244
-0.70764222502
-0.846377523708
-0.932419256346
-0.996727100112
-0.998980950463
-0.977949416246
-0.896032945089
-0.793230718602
-0.641043726933
-0.473914558739
-0.277280533194
-0.0741833375097
0.133532346361
0.338135506379
0.521687108269
0.693078633498
0.821320637704
0.930418366044
0.981590334008
1.00988227768
0.975301216088
0.91798672412
0.803520437917
0.670324783155
0.495396211052
0.308920380433
0.103211859892
-0.104902440107
-0.3064857495
-0.500925140345
-0.664178055616
-0.811949553109
-0.909170892774
-0.985200242876
-0.999893235837
-0.991279579646
-0.920951080443
-0.82915600566
-0.68573953791
-0.526339072821
-0.334169917732
-0.134211550004
0.0741025277672
0.280689339512
0.469801062615
0.647962128043
0.785782524873
0.905287008603
0.968430353898
1.00900042269
0.986752388531
0.94150400704
0.837639698033
0.714250729934
0.546394113581
0.365801521578
0.1624349474
-0.0447178453398
-0.249086605339
-0.447649371347
-0.618342491652
-0.774622581653
-0.882676407337
-0.970155807069
-0.997235482486
-1.00107045869
-0.942581033713
-0.862120857599
-0.727986970781
-0.576884335394
-0.389866175339
-0.193760570906
0.0144081320318
0.222240993836
0.41623762989
0.600532125699
0.747438838463
0.876923396394
0.951812670762
1.00451601249
0.99468044059
0.9616597253
0.868768232687
0.75562650168
0.595441159684
0.421376597685
0.221078073937
0.0156264109135
-0.1907981174
-0.392775306117
-0.570299185339
-0.734529882301
-0.853030396474
-0.951647507644
-0.991017179703
-1.00728709583
-0.960845576886
-0.892007576055
-0.767635184471
-0.625369878644
-0.444170446988
-0.252617785207
-0.0453377067852
0.162999154488
0.361188054039
0.550957971492
0.706426481536
0.845428799423
0.931796616707
0.996445058312
0.999057065792
0.978381914521
0.896794899938
0.794304369513
0.64236223081
0.475447182394
0.278931858915
0.0759148743181
-0.131828400063
-0.33649886811
-0.520219671455
-0.691814602827
-0.82033870889
-0.929741427001
-0.981260529442
-1.00990729505
-0.975679497872
-0.918709452894
-0.804542618208
-0.671622588822
-0.496888843626
-0.310573047935
-0.104921670951
