0.0
0.205962748137
0.403093744762
0.582939946821
0.737789489032
0.861002371244
0.947295183867
0.99296766224
0.996061355219
0.956443604213
0.875813231634
0.75762769482
0.60695482911
0.430255537368
0.235106744311
0.0298764954404
-0.176634867545
-0.375572068345
-0.558404613267
-0.717292581648
-0.845422804273
-0.93730101435
-0.988987443508
-0.998265760381
-0.96473810764
-0.889842162246
-0.77678948738
-0.630427819545
-0.457033196
-0.264040836183
-0.0597263170186
0.147149286592
0.347715079588
0.533370733699
0.696155272396
0.829088440225
0.926470018499
0.984124252578
0.999578909626
0.972171288781
0.903076637988
0.79525775898
0.653337961341
0.48340281345
0.292739191274
0.0895228146868
-0.117532330129
-0.319547649328
-0.50786065847
-0.674396432754
-0.81201386249
-0.914811866274
-0.978382431329
-0.999999630567
-0.978736511258
-0.915504843066
-0.813016021069
-0.675664800225
-0.509340846812
-0.321176187569
-0.119239386005
0.0878104403028
0.291094925568
0.481897163085
0.652035489108
0.794214315324
0.902336966123
0.971767106082
0.999527547584
0.984427913614
0.927115681526
0.830048418996
0.6973884027
0.534824138498
0.349326436397
0.148849499892
-0.0580101529414
-0.262382311019
-0.455503427862
-0.629092405403
-0.775705690239
-0.889056455689
-0.964284183028
-0.998163082153
-0.98924041454
-0.93789878716
-0.846339746163
-0.718489373843
-0.559829936918
-0.377164805097
-0.178326720313
0.0281580738686
0.233435440427
0.428703017241
0.605587665322
0.756504511812
0.874982191869
0.955940342953
0.995907452476
0.993169717415
0.947844532766
0.861875457603
0.738948874616
0.584335916788
0.404666439453
0.207644729879
0.00171914485231
-0.20428015768
-0.401519858742
-0.581542253997
-0.736627922939
-0.860126740225
-0.946743035273
-0.992762672388
-0.996212314141
-0.956944038741
-0.876641682968
-0.758748638689
-0.608320199066
-0.431806785891
-0.236777353346
-0.0315948287134
0.17494249274
0.373978221605
0.556977639273
0.716093669522
0.844503363768
0.936700471383
0.988731549562
0.998365488274
0.965189181006
0.890625238908
0.77787098875
0.631761370482
0.458561613394
0.265698580985
0.061442304577
-0.145448638397
-0.34610269512
-0.531915752544
-0.694920084631
-0.828126011115
-0.925821617326
-0.983817683002
-0.999627317452
-0.972572598265
-0.903813640846
-0.796298852282
-0.654638502659
-0.484907035137
-0.294382591801
-0.0912349244896
0.115824926892
0.317918166677
0.506378969167
0.673126072131
0.811009304036
0.914116185791
0.978025459828
0.999996675107
0.979087698569
0.91619511412
0.814015776811
0.676931170794
0.510819529816
0.322803776586
0.120946089473
-0.0860978063984
-0.289449799542
-0.480390088492
-0.65073108981
-0.793168524399
-0.901594627435
-0.971360051363
-0.999473231477
-0.984728665211
-0.927758604498
-0.831005944591
-0.698619471901
-0.536275962645
-0.350936760785
-0.150549273274
0.0562938174174
0.260723010394
0.453972313502
0.627755132003
0.77461960053
0.888268121561
0.963827408512
0.998057453892
0.98949046191
0.938493788046
0.847254186728
0.719684042571
0.561253606013
0.378756427152
0.180018046043
-0.0264395690767
-0.231763446633
-0.427149230099
-0.604218711744
-0.755379092985
-0.874148566128
-0.955434256449
-0.995750606367
-0.993368837315
-0.948391080348
-0.862745996723
-0.740106076265
-0.585730159774
-0.406237938169
-0.209326097934
-0.00343828462375
0.202596963481
0.399944786046
0.580142842448
0.735464179772
0.859248567136
0.946188088617
0.992554748464
0.996360328796
0.957441645058
0.87746754342
0.759867340106
0.609683771156
0.433356758227
0.238447262595
0.0333130686091
-0.173249600898
-0.372383269587
-0.555549019154
-0.71489264101
-0.843581427367
-0.936097160034
-0.988472733458
-0.998462265536
-0.965637401793
-0.891405683362
-0.778950191152
-0.633093054273
-0.460088675527
-0.267355540525
-0.063158110545
0.143747560335
0.34448928776
0.530459199332
0.693682843057
0.827161134511
0.925170479924
0.98350820579
0.999672770918
0.972971033348
0.904547972517
0.797337592154
0.655937109217
0.4864098237
0.296025122291
0.0929467646511
-0.114117181338
-0.316287744431
-0.50489578328
-0.67185372211
-0.810002348675
-0.913417803673
-0.977665597812
-0.999990764196
-0.979435992225
-0.916882677394
-0.815013126761
-0.67819554072
-0.512296703112
-0.324430411568
-0.12265243549
0.0843849180353
0.287803818058
0.478881594124
0.649424767301
0.792120389295
0.90084962412
0.970950125828
0.999415961465
0.98502650648
0.928398785515
0.83196101418
0.699848476359
0.537726201849
0.352546047994
0.152248601713
-0.0545773155192
-0.259062939212
-0.452439857444
-0.626416003297
-0.773531221462
-0.88747716219
-0.963367785441
-0.997948875912
-0.98973758488
-0.939086015251
-0.848166123267
-0.7208765843
-0.562675616345
-0.380346929808
-0.181708839737
0.0247209861437
0.230090767872
0.425594180534
0.60284797242
0.754251441663
0.873312356874
0.954925346196
0.995590817356
0.993565021353
0.948934824996
0.86361398603
0.74126109056
0.587122671656
0.407808236265
0.211006847335
0.00515741423348
-0.200913170515
-0.398368531329
-0.578741716309
-0.734298262968
-0.85836785457
-0.945630345539
-0.992343891083
-0.996505398747
-0.957936421693
-0.878290810552
-0.760983795764
-0.611045541348
-0.434905449793
-0.240116467122
-0.0350312100493
0.171556197025
0.370787217004
0.554118757131
0.71368949966
0.842656997794
0.935491082087
0.988210995961
0.998556091882
0.966082768676
0.892183493301
0.780027091397
0.634422866982
0.461614377885
0.269011709906
0.0648737298517
-0.142046057432
-0.342874862274
-0.529001078368
-0.69244355133
-0.826193813264
-0.924516608216
-0.983195821858
-0.999715269889
-0.973366592853
-0.905279630832
-0.798373975525
-0.65723377718
-0.487911174697
-0.297666777891
-0.0946583301121
0.112409098515
0.314656387409
0.503411105193
0.670579386451
0.808992999383
0.912716721984
0.977302846342
0.99998189785
0.979781391195
0.917567530857
0.816008067971
0.679457906265
0.513772362336
0.32605608771
0.124358419013
-0.0826717802759
-0.286156985982
-0.47737168444
-0.648116525443
-0.79106991311
-0.900101958379
-0.970537330687
-0.999355737718
-0.985321436542
-0.929036222686
-0.832913624941
-0.701075412442
-0.539174851824
-0.354154293266
-0.153947480188
0.05286065232
0.25740210238
0.450906064217
0.625075023243
0.772440556253
0.886683579916
0.962905315174
0.997837348532
0.989981782718
0.939675467023
0.849075553084
0.722066995507
0.564095963711
0.381936308363
0.183399096397
-0.0230023301487
-0.228417409086
-0.424037873142
-0.601475451403
-0.753121561181
-0.87247356658
-0.954413613698
-0.995428085915
-0.993758268947
-0.949475765105
-0.86447942296
-0.742413914086
-0.58851344832
-0.409377329098
-0.212686973113
-0.00687652860067
0.199228783758
0.396791099249
0.577338879721
0.733130175975
0.857484605132
0.945069807687
0.992130100868
0.996647523565
0.958428367184
0.879111481929
0.762098002364
0.61240550562
0.436452856013
0.241784961995
0.0367492479561
-0.169862286124
-0.369190068574
-0.552686857431
-0.712484249028
-0.84173007778
-0.934882239332
-0.987946337845
-0.998646967034
-0.966525280339
-0.892958666427
-0.781101686303
-0.635750804678
-0.46313871596
-0.270667084234
-0.0665891574266
0.140344134718
0.341259423435
0.527541393963
0.691202213113
0.825224050234
0.923860004135
0.982880532129
0.999754814241
0.973759275611
0.906008613628
0.799407999333
0.658528502713
0.489411083692
0.299307553748
0.096369615814
-0.110700683471
-0.313024100432
-0.501924939294
-0.669303068921
-0.807981259144
-0.912012942796
-0.976937206492
-0.999970076097
-0.98012389446
-0.918249672485
-0.8170005975
-0.680718263699
-0.515246503126
-0.327680800205
-0.126064034998
0.0809583981832
0.284509308179
0.475860363903
0.646806368101
0.790017098949
0.899351632421
0.970121667161
0.999292560414
0.985613454525
0.929670914126
0.833863774058
0.702300276523
0.540621908289
0.355761491849
0.155645903676
-0.0511438328931
-0.255740504806
-0.449370938355
-0.623732195804
-0.771347608126
-0.885887377082
-0.962439999077
-0.997722872082
-0.990223054704
-0.940262141621
-0.849982473491
-0.723255272672
-0.565514643913
-0.38352455812
-0.185088811029
0.0212836061713
0.226743375222
0.422480312522
0.600101152748
0.751989454877
0.871632197724
0.953899060468
0.995262412525
0.993948579528
0.950013899074
0.865342304954
0.743564543436
0.589902485656
0.410945212034
0.214366470303
0.00859562264455
-0.197543808187
-0.395212494468
-0.575934336831
-0.731959922244
-0.856598821431
-0.944506476718
-0.991913378451
-0.99678670283
-0.958917480077
-0.879929555126
-0.763209956613
-0.61376365995
-0.437998972313
-0.243452742281
-0.0384671772519
0.168167873201
0.367591829017
0.551253324286
0.711276892677
0.840800670066
0.934270633568
0.987678759893
0.998734890723
0.966964935474
0.893731200448
0.782173972693
0.637076863438
0.464661685247
0.272321658615
0.0683043881998
-0.138641797221
-0.339642976018
-0.526080150429
-0.689958832075
-0.824251848286
-0.923200669621
-0.982562337535
-0.999791403857
-0.974149080462
-0.906734918751
-0.800439660522
-0.659821281991
-0.490909546251
-0.300947445013
-0.0980806166993
0.108991941256
0.311390888324
0.500437289975
0.668024773291
0.806967130948
0.911306468189
0.976568679342
0.999955298971
0.980463501006
0.918929100261
0.817990712417
0.681976609296
0.516719121124
0.329304544252
0.127769278407
-0.0792447768211
-0.28286078952
-0.474347636979
-0.645494299148
-0.788961949923
-0.898598648464
-0.969703136477
-0.99922642974
-0.985902559565
-0.93030285796
-0.834811458723
-0.703523064983
-0.542067366967
-0.357367638993
-0.157343867159
0.0494268623125
0.2540781514
0.447834484395
0.622387524948
0.770252380311
0.885088556043
0.961971838527
0.997605446901
0.990461400124
0.94084603731
0.850886881807
0.724441412285
0.566931652758
0.385111674385
0.186777978637
-0.019564819291
-0.225068671226
-0.420921503278
-0.598725080518
-0.750855126098
-0.870788252793
-0.953381688026
-0.995093797675
-0.994135952532
-0.950549225315
-0.866202629463
-0.744712975211
-0.591289779558
-0.412511880436
-0.216045333942
-0.0103146912844
0.195858248784
0.393632721652
0.574528091789
0.730787505233
0.855710506086
0.943940354297
0.991693724472
0.996922936131
0.959403758927
0.880745027726
0.764319655224
0.615120000326
0.439543794125
0.245119803052
0.0401849928595
-0.166472963265
-0.365992503057
-0.549818161934
-0.710067434175
-0.839868777399
-0.933656266604
-0.987408262893
-0.998819862691
-0.967401732781
-0.894501093081
-0.783243947398
-0.638401039342
-0.466183281244
-0.27397542816
-0.0700194171021
0.136939049975
0.338025524798
0.524617352086
0.68871341189
0.823277210293
0.922538606624
0.982241239016
0.999825038628
0.974536006252
0.907458544054
0.801468956042
0.661112111193
0.492406557947
0.30258644684
0.0997913277112
-0.107282876919
-0.309756755913
-0.498948161633
-0.66674450334
-0.805950617792
-0.910597300251
-0.976197265981
-0.999937566516
-0.980800209831
-0.919605812178
-0.818978409793
-0.683232939338
-0.518190211979
-0.330927315053
-0.129474144198
0.0775309212541
0.281211434878
0.472833508139
0.644180322462
0.78790446915
0.897843008734
0.969281739874
0.999157345891
0.986188750809
0.930932052321
0.835756676135
0.704743774209
0.543511223585
0.35897272995
0.159041365619
-0.0477097456529
-0.252415047077
-0.446296706878
-0.62104101465
-0.769154876045
-0.884287119158
-0.961500834906
-0.997485073337
-0.990696818274
-0.941427152366
-0.851788775361
-0.725625410839
-0.568346986059
-0.386697652468
-0.188466594231
0.0178459745877
0.223393302048
0.419361450017
0.597347238779
0.749718578195
0.869941734281
0.952861497901
0.994922241864
0.994320387405
0.951081742244
0.867060393944
0.745859206015
0.592675325925
0.414077329676
0.217723559066
0.0120337294396
-0.194172110529
-0.39205178547
-0.573120148751
-0.729612928409
-0.854819661721
-0.943371442097
-0.991471139582
-0.997056223064
-0.959887202296
-0.881557897318
-0.765427094919
-0.616474522739
-0.441087316882
-0.246786139381
-0.0419026897019
0.164777561324
0.36439209542
0.548381374616
0.708855877095
0.838934402531
0.933039140255
0.987134847647
0.998901882685
0.96783567097
0.895268342051
0.784311607256
0.639723328476
0.467703499455
0.275628387982
0.0717342390647
-0.13523589801
-0.336407074558
-0.523153003257
-0.687465956239
-0.822300139137
-0.9218738171
-0.981917237521
-0.999855718454
-0.974920051839
-0.908179487398
-0.802495882852
-0.662400986503
-0.493902114353
-0.304224554384
-0.101501743794
0.105573495512
0.308121708027
0.49745755867
0.665462262852
0.80493172268
0.909885441078
0.975822967507
0.999916878785
0.981134019938
0.920279806236
0.819963686711
0.684487250112
0.519659771343
0.33254910781
0.131178627334
-0.0758168365476
-0.279561249125
-0.471317981858
-0.642864441926
-0.786844659756
-0.897084715463
-0.968857478596
-0.999085309071
-0.98647202741
-0.931558495347
-0.836699423501
-0.705962400591
-0.544953473878
-0.360576759978
-0.160738394037
0.0459924879888
0.250751196751
0.444757610347
0.61969266889
0.768055098572
0.883483068798
0.961026989606
0.997361751743
0.990929308458
0.94200548507
0.852688151485
0.726807264835
0.569760639633
0.38828248768
0.190154652819
-0.0161270771412
-0.221717272641
-0.41780015735
-0.595967631603
-0.748579814529
-0.86909264469
-0.952338491631
-0.9947477456
-0.994501883604
-0.951611448288
-0.867915595861
-0.747003232461
-0.594059120664
-0.415641555126
-0.219401140717
-0.0137527320295
0.192485398406
0.390469690594
0.571710511879
0.728436195242
0.853926290971
0.942799741799
0.991245624437
0.997186563236
0.960367808756
0.882368161499
0.766532272423
0.617827223185
0.442629536022
0.248451746344
0.0436202627026
-0.163081672389
-0.362790610837
-0.546942966578
-0.70764222502
-0.837997548226
-0.932419256346
-0.986858514963
-0.998980950463
-0.968266748759
-0.896032945089
-0.785376949111
-0.641043726933
-0.469222335386
-0.277280533194
-0.0734488490195
0.133532346361
0.334787630079
0.521687108269
0.68621646881
0.821320637704
0.921206303013
0.981590334008
0.999883443246
0.975301216088
0.908897746654
0.803520437917
0.663687904114
0.495396211052
0.305861762805
0.103211859892
-0.103863802087
-0.3064857495
-0.49596548549
-0.664178055616
-0.803910448623
-0.909170892774
-0.975445785026
-0.999893235837
-0.981464930342
-0.920951080443
-0.820946540257
-0.68573953791
-0.521127794873
-0.334169917732
-0.132882722776
0.0741025277672
0.277910237141
0.469801062615
0.641546661428
0.785782524873
0.896323770894
0.968430353898
0.999010319493
0.986752388531
0.932182185189
0.837639698033
0.707178940529
0.546394113581
0.362179724335
0.1624349474
-0.0442750943958
-0.249086605339
-0.443217199353
-0.618342491652
-0.766953051142
-0.882676407337
-0.960550304029
-0.997235482486
-0.991158869989
-0.942581033713
-0.853585007523
-0.727986970781
-0.571172609301
-0.389866175339
-0.191842149412
0.0144081320318
0.220040587956
0.41623762989
0.594586263068
0.747438838463
0.868240986529
0.951812670762
0.994570309396
0.99468044059
0.952138341881
0.868768232687
0.748145051169
0.595441159684
0.417204552163
0.221078073937
0.0154716939738
-0.1907981174
-0.3888864417
-0.570299185339
-0.727257309209
-0.853030396474
-0.942225255093
-0.991017179703
-0.997313956263
-0.960845576886
-0.883175817876
-0.767635184471
-0.619178097667
-0.444170446988
-0.250116619017
-0.0453377067852
0.161385301474
0.361188054039
0.545502942071
0.706426481536
0.837058217251
0.931796616707
0.986579265656
0.999057065792
0.968694964872
0.896794899938
0.786439969815
0.64236223081
0.470739784548
0.278931858915
0.0751632418991
-0.131828400063
-0.333167196148
-0.520219671455
-0.684964953294
-0.82033870889
-0.920536066337
-0.981260529442
-0.999908212921
-0.975679497872
-0.909613319697
-0.804542618208
-0.66497286022
-0.496888843626
-0.307498067262
-0.104921670951
