[
-2.07746536e-01
  4.88104224e-02
 -5.02514839e-03
  4.53420132e-01
  6.47461772e-01
  6.27848208e-01
  3.35903108e-01
  7.36877561e-01
  7.10866749e-01
  4.50380087e-01
  6.48298860e-01
  8.23325038e-01
  9.30325747e-01
  8.68292034e-01
  9.70095217e-01
  8.82272661e-01
  8.52002621e-01
  8.17328155e-01
  5.79068899e-01
  3.40616286e-01
  3.29454124e-01
 -2.46551305e-01
 -3.53554189e-01
 -7.45237589e-01
 -4.63169098e-01
 -1.59677833e-01
 -6.93802416e-01
 -8.55071783e-01
 -8.46949697e-01
 -8.65751147e-01
 -9.10010755e-01
 -8.74478459e-01
 -9.20398712e-01
 -8.72038960e-01
 -8.90820444e-01
 -8.33404183e-01
 -7.91845202e-01
 -6.33657336e-01
 -4.12669182e-01
 -3.91019255e-01
 -5.56630492e-02
 -1.74636543e-01
  1.87134236e-01
  4.29788470e-01
  6.61691308e-01
  6.93079114e-01
  7.76308417e-01
  1.02600753e+00
  8.22376072e-01
  8.18179607e-01
  8.00265253e-01
  8.49990308e-01
  9.85565841e-01
  8.84905517e-01
  8.80433857e-01
  8.52892816e-01
  8.88365149e-01
  9.04443443e-01
  8.55636179e-01
  8.10493946e-01
  6.30333185e-01
  2.71167517e-01
  2.33599469e-01
 -1.02041155e-01
 -7.22699761e-01
 -7.99114585e-01
 -8.36015344e-01
 -8.73422563e-01
 -8.86135042e-01
 -8.57356071e-01
 -8.78016114e-01
 -8.24797511e-01
 -8.31842899e-01
 -8.66564631e-01
 -8.86419892e-01
 -8.69586110e-01
 -7.74838924e-01
 -7.15135455e-01
 -3.65954816e-01
 -2.56344020e-01
 -7.71475136e-02
  1.07767671e-01
  4.01237339e-01
  3.78162235e-01
  7.65356004e-01
  8.05396616e-01
  5.80834031e-01
  6.79151416e-01
  8.24341357e-01
  8.82971406e-01
  8.81889641e-01
  9.00188446e-01
  9.06441748e-01
  8.73933256e-01
  1.08507586e+00
  8.83879304e-01
  8.63208830e-01
  9.12793219e-01
  8.77912939e-01
  9.05102491e-01
  8.37626576e-01
  9.06028867e-01
  7.77042925e-01
  5.92155397e-01
  2.94285148e-01
  4.71737087e-02
  2.03702271e-01
 -1.80809855e-01
 -7.31585681e-01
 -7.92694807e-01
 -8.94607186e-01
 -8.68368685e-01
 -8.97003889e-01
 -8.93613100e-01
 -8.76082063e-01
 -9.00837064e-01
 -8.37866008e-01
 -8.79144788e-01
 -7.98789144e-01
 -8.19489837e-01
 -6.69162512e-01
 -7.38280296e-01
 -5.11099756e-01
 -1.97058588e-01
 -4.53321934e-02
  9.24918056e-03
  2.73354262e-01
  3.17415416e-01
  7.25441158e-01
  8.46201420e-01
  8.76688838e-01
  8.41082454e-01
  8.79306197e-01
  9.03787851e-01
  9.34776604e-01
  8.64308715e-01
  8.83668125e-01
  8.76590431e-01
  8.58825028e-01
  9.74996865e-01
  7.79453158e-01
  8.01646829e-01
  7.20168293e-01
  3.41649920e-01
  2.59003162e-01
 -4.38279361e-02
 -6.46426320e-01
 -8.65294755e-01
 -7.89452910e-01
 -6.56840920e-01
 -8.43429208e-01
 -8.61793041e-01
 -9.06765342e-01
 -8.95958245e-01
 -8.94123554e-01
 -8.99842143e-01
 -8.79988194e-01
 -9.08461928e-01
 -8.89483929e-01
 -8.66381645e-01
 -9.28994894e-01
 -8.44240069e-01
 -8.78206134e-01
 -8.37358356e-01
 -8.66442323e-01
 -7.90769100e-01
 -6.79482698e-01
 -3.92415941e-01
 -2.64560610e-01
  1.41879320e-02
  2.50667244e-01
  2.47889310e-01
  9.46235776e-01
  8.24943185e-01
  8.17520857e-01
  9.13049936e-01
  8.82794917e-01
  8.72942924e-01
  9.31644857e-01
  8.24208021e-01
  8.94586444e-01
  8.04509282e-01
  6.99898183e-01
  4.94716287e-01
  5.59380174e-01
  2.58622527e-01
  1.41582757e-01
  6.16945997e-02
 -4.92336899e-01
 -4.39128399e-01
 -8.08842540e-01
 -7.84936011e-01
 -8.85251820e-01
 -8.75501871e-01
 -8.91852140e-01
 -8.94399107e-01
 -8.92371535e-01
 -8.85941923e-01
 -9.24422741e-01
 -8.61453891e-01
 -8.99343133e-01
 -8.53076935e-01
 -7.88692951e-01
 -8.67819548e-01
 -4.90865618e-01
 -7.82747030e-01
 -5.35646975e-01
 -1.68657303e-01
 -2.32823879e-01
 -1.29220337e-01
 -8.27671885e-02
  2.85924077e-01
  3.32123041e-01
  6.52930081e-01
  8.77135873e-01
  8.42055976e-01
  8.36092651e-01
  8.24685395e-01
  9.12903488e-01
  8.79672706e-01
  9.59342360e-01
  8.74694705e-01
  8.96833837e-01
  9.05337095e-01
  9.15651202e-01
  8.36019874e-01
  8.38090599e-01
  6.70580506e-01
  4.49446261e-01
  2.18816087e-01
  2.51053125e-02
 -1.21660635e-01
 -7.02797234e-01
 -7.30254173e-01
 -8.10696840e-01
 -8.30538094e-01
 -8.46764624e-01
 -8.35530043e-01
 -8.31894517e-01
 -9.31058884e-01
 -7.21363842e-01
 -8.18715692e-01
 -7.68257916e-01
 -6.38193071e-01
 -7.08649397e-01
 -7.73683310e-01
 -6.35719657e-01
 -3.14797699e-01
 -2.77471691e-01
  1.54420763e-01
  4.85241413e-04
  4.57602203e-01
  6.77186847e-01
  6.14705265e-01
  7.22836614e-01
  8.78466010e-01
  7.68009841e-01
  9.42358673e-01
  8.18442881e-01
  6.65151596e-01
  7.25464106e-01
  8.47868025e-01
  9.30964708e-01
  8.84013414e-01
  8.62841487e-01
  8.17887366e-01
  5.75065970e-01
  4.62737679e-01
  3.60266566e-01
  6.57963157e-02
 -2.76964039e-01
 -2.88562983e-01
  9.43748057e-02
 -2.88923472e-01
 -8.02271843e-01
 -9.12537813e-01
 -8.52500916e-01
 -8.85329247e-01
 -8.68014693e-01
 -8.28677893e-01
 -8.55368733e-01
 -8.09996128e-01
 -7.39154756e-01
 -6.03266478e-01
 -1.44014210e-01
 -3.74844670e-01
 -2.18957454e-01
  3.98636162e-01
  1.06153429e-01
 -8.18239152e-02
 -2.02290416e-01
  3.11143875e-01
  5.10766029e-01
  7.48015642e-01
  8.14136326e-01
  8.16815019e-01
  7.63820767e-01
  8.93029869e-01
  6.89407468e-01
  5.90506256e-01
  6.29492521e-01
  8.09077024e-01
  7.43442953e-01
  6.73156142e-01
  7.79595256e-01
  8.29420328e-01
  9.26401854e-01
  7.59130895e-01
  7.30245590e-01
  3.45960110e-01
  9.77677703e-02
  3.13195080e-01
 -2.04889864e-01
 -6.32191420e-01
 -1.98051661e-01
 -6.58286095e-01
 -4.74371403e-01
 -2.32724071e-01
 -7.39077687e-01
 -8.69138598e-01
 -8.76777768e-01
 -8.83255422e-01
 -8.72868836e-01
 -8.96675587e-01
 -8.97981048e-01
 -8.67865801e-01
 -8.46139550e-01
 -8.23203444e-01
 -6.23984754e-01
 -6.46245360e-01
 -4.34151947e-01
 -1.40124470e-01
 -4.86808330e-01
 -7.27141500e-02
  4.88743305e-01
  1.39241040e-01
  5.60865402e-02
  4.22115743e-01
  4.22605425e-01
  8.54243517e-01
  8.68486583e-01
  9.33659613e-01
  8.11579764e-01
  8.74015868e-01
  8.90890539e-01
  7.91856289e-01
  9.16791081e-01
  6.98774397e-01
  4.65450257e-01
  4.21385258e-01
  4.46142256e-01
  3.76011908e-01
  4.02991474e-02
  3.64609480e-01
  3.62255037e-01
  2.47416496e-02
  1.06941998e-01
 -2.82251060e-01
  5.88090718e-02
 -1.18890777e-01
 -7.35495567e-01
 -8.48142505e-01
 -8.33360076e-01
 -8.64325225e-01
 -8.73024702e-01
 -9.08848643e-01
 -8.35056365e-01
 -8.95942032e-01
 -7.51403332e-01
 -8.36000443e-01
 -6.21324658e-01
 -5.52311420e-01
 -3.27518165e-01
 -9.04779434e-02
 -9.10155773e-02
  1.25659078e-01
  3.46916467e-01
  6.44190550e-01
  8.20541322e-01
  1.00169802e+00
  8.82557988e-01
  8.82909834e-01
  9.11230326e-01
  9.01422560e-01
  9.03564751e-01
  8.74500036e-01
  9.12406802e-01
  8.17263961e-01
  8.67300034e-01
  7.07937777e-01
  8.12250853e-01
  7.23180771e-01
  6.91844165e-01
  3.72796923e-01
  1.21537149e-01
  2.26331770e-01
 -4.03964907e-01
 -7.14244306e-01
 -7.94619441e-01
 -8.59639108e-01
 -8.83562028e-01
 -8.64109635e-01
 -8.91962230e-01
 -8.70137572e-01
 -8.88116956e-01
 -8.72774303e-01
 -8.57445121e-01
 -8.74192953e-01
 -8.74011755e-01
 -8.26173663e-01
 -8.68901730e-01
 -8.30719292e-01
 -7.90006757e-01
 -7.48835802e-01
 -5.20371914e-01
 -2.00061768e-01
 -8.66419971e-02
  7.27919042e-02
  4.24877644e-01
  2.90208817e-01
  7.25012302e-01
  7.46949732e-01
  3.84110749e-01
  5.67848802e-01
  7.52487957e-01
  1.02069449e+00
  8.30653787e-01
  8.51672530e-01
  9.13073838e-01
  8.63832653e-01
  9.45152581e-01
  7.86676347e-01
  8.56245518e-01
  6.85486495e-01
  4.50655520e-01
  4.76542085e-01
 -1.63237721e-01
 -1.50057971e-01
  5.07761687e-02
 -3.76844734e-01
 -7.36878514e-01
 -8.42330456e-01
 -8.67695570e-01
 -8.82526755e-01
 -8.77507567e-01
 -8.36534023e-01
 -8.23632240e-01
 -8.14686596e-01
 -3.56923759e-01
 -7.19088972e-01
 -4.65149969e-01
 -3.90632451e-02
 -5.54525614e-01
 -8.65863681e-01
 -8.31285596e-01
 -6.54370308e-01
 -3.96975100e-01
 -3.02531987e-01
  1.50876343e-02
  5.45875728e-02
  4.29470241e-01
  7.87814200e-01
  8.01144242e-01
  8.82401764e-01
  8.91436577e-01
  8.97621214e-01
  9.63745475e-01
  8.82098258e-01
  8.78140986e-01
  9.50458646e-01
  8.40787470e-01
  9.92701471e-01
  8.34827363e-01
  8.26100945e-01
  9.73421693e-01
  7.32327044e-01
  7.86826253e-01
  5.68599522e-01
  1.12643242e-01
  1.81139588e-01
 -1.63301736e-01
 -5.73257625e-01
 -8.48546624e-01
 -8.42120171e-01
 -8.50455403e-01
 -8.51647496e-01
 -8.87382984e-01
 -7.85398841e-01
 -8.48556936e-01
 -7.85660148e-01
 -7.06385374e-01
 -7.37314999e-01
 -8.83420050e-01
 -7.51699865e-01
 -6.64490998e-01
 -7.14060128e-01
 -6.96831226e-01
 -3.19333464e-01
 -5.54164469e-01
 -1.56831145e-02]