[-0.16268474
-0.56589194
 0.40342084
 0.46339087
 0.35182783
-0.0460245
 0.32558094
 0.76833592
-0.10949375
 0.26006382
 0.55869948
 1.54571617
 1.11444378
 1.24051224
 1.235432
   0.44921475
 1.1841908
  0.43685002
 0.37253288
 0.87088453
 0.59842393
-0.57567459
-1.58030493
-0.06955877
 0.22538269
-0.21682379
-0.90999572
-1.21430903
-0.35845207
-1.5812294
-1.92316458
-1.64025153
-1.55223084
-0.47004015
-1.07611602
-0.53001951
-0.61569918
-0.26480146
-0.99697428
-1.28861713
 0.48551208
-0.32936183
 0.12661975
 0.46025111
 0.38227487
 0.32934815
 1.49205752
 0.13161481
 0.57932162
 0.82428045
 0.2244566
  1.46060833
 1.43036121
 0.72794495
 0.8018961
  0.39024733
 1.21776981
 1.58074201
 1.21684142
 0.59338416
 0.51075626
 0.87764106
 0.28152339
-0.56170735
-0.31800864
-0.51049825
-0.63473979
-0.79706482
-1.01932159
-1.46136317
-0.3352975
 -0.22644607
-0.70684592
-0.85464346
-0.76170924
-0.53886386
-0.58379487
-0.15450581
-0.033998
  -0.54182079
 0.02757595
-0.25495995
 0.36028953
 0.4904491
 0.81765608
 0.17294039
 0.14582262
 0.52066531
 0.86247329
 0.69036374
 0.99260598
 1.42881555
 1.29363369
 1.08113317
 1.25834359
 0.6293746
 1.5518789
  0.21591963
 1.79660787
 1.93705245
 0.91444899
 0.87907287
 0.23712317
 0.1903866
  0.09515999
 0.68377842
 0.81649783
-0.56070663
-1.05145801
 0.00887521
-1.15821362
-1.92275135
-0.57132368
-0.65706573
-1.20484537
-0.68847825
-0.57286517
-0.65743504
-0.2437924
 -1.13442588
-0.02483591
-0.28319562
-0.19030841
-0.03880533
 0.18668887
-0.62281941
 0.31671828
 0.24501839
 0.74308619
 1.04402229
 0.54895936
 0.45232961
 1.80352997
 1.08105588
 0.70097466
 0.63132781
 0.8409566
  0.47471741
 1.17196198
 0.44745861
 0.28814021
 1.42577965
 1.13714602
 1.03105169
 0.66275476
-0.00780701
-1.63002698
-0.24283807
-0.31365347
-0.54944885
-0.9303699
 -1.78636797
-0.93788843
-0.79230651
-1.91626871
-0.88772578
-0.94323841
-0.97514838
-0.766308
  -1.331812
  -0.58820584
-0.42026569
-1.02945487
-0.04017321
-0.63781847
-0.52677695
-0.44019281
-0.10056789
-0.80796823
-0.21139479
-0.58159864
 1.09206841
 0.63081498
 0.36978527
 0.93374104
 0.82507251
 1.65063822
 1.6986809
  1.4752494
  0.88009801
 1.98180152
 0.2016943
  0.35212668
 0.31008025
 0.95799058
 0.26795626
 0.33492536
-0.26976502
 0.2758887
 -1.30192893
-0.17004497
-1.50323917
-0.81142563
-1.83667336
-0.98493665
-1.61720847
-0.9283652
 -1.37763615
-1.26260993
-0.69756553
-1.31934891
-0.12822188
-1.05513847
-0.44466415
-0.01380791
-1.17430826
 0.42022877
-0.09203987
-0.28130807
-0.68308739
 0.66371585
-0.55483006
 0.13002821
 1.58399887
 0.34528196
 0.95800221
 0.31521254
 0.91589021
 1.89017548
 1.79600353
 1.08133729
 0.56733857
 1.84088697
 1.20634287
 0.79601594
 0.5550873
  0.81580812
 0.49215535
 0.80458063
 0.13432667
 0.39109351
-0.62717052
-0.27074153
-0.76428553
 0.07313314
-0.9910513
 -0.97576168
-0.35389262
-2.34149897
-1.05765402
-1.06531743
-1.72046309
 0.43257878
-0.28281694
-0.51873324
-0.63747378
-0.70453994
-0.23294168
-0.47861058
-0.08824078
-0.16900881
 0.88049272
-0.07315757
 0.31132363
 0.69266576
 0.73201933
 0.56064306
 0.8174763
 0.30185733
 0.64788555
 0.2766674
  1.6861995
  1.23649742
 0.78127556
 0.95142002
 1.63653488
 1.0345248
  1.00678734
 0.0100668
 -0.12901578
-0.33176049
 0.46169339
 0.15803612
-0.81554966
-1.15787814
-1.13432874
-0.36253025
-1.64704564
-0.34125722
-0.77812551
-0.79971879
-1.49518698
-1.50911819
-0.4236899
 -1.37080761
-0.28239037
 0.66632309
 0.11009314
-0.52338035
-0.59469604
-0.12915696
 0.36588524
 0.27000599
 1.13318725
 0.46311536
 1.53204622
 1.01996725
 0.60291295
-0.41665228
 0.6413834
 0.5113167
  0.26892655
 0.36103618
 0.59166024
 0.62958195
 1.62382753
 1.44788506
 0.563492
   0.83590222
 0.01922103
 0.67202864
-0.21909624
-0.10690296
-1.08896633
-0.68053779
-0.26082377
 0.73395229
-0.84253637
-0.57107499
-0.76229621
-0.93208744
-0.83890735
-0.64581563
-1.21435801
-1.4047724
 -0.71975353
-0.77085294
-0.73114293
-0.96808739
-0.89725794
 0.12436008
-0.13291705
 0.03897464
-0.08439923
 0.46120326
-0.47601237
-0.85554097
 0.80982767
 0.88129893
 1.55347461
 0.60492054
 0.73042806
 0.38018155
 1.44905219
 0.34134172
 1.13415433
 0.8714357
 -0.16020681
 0.35490368
 0.90510793
 0.96485559
-0.2076303
 -0.03937925
 0.77670702
-0.2985117
 -0.48794589
 0.17797355
 0.0482831
  0.60705321
-0.37631535
-1.08636384
-0.399256
  -0.88805376
-0.52451327
-1.43702973
-1.09851614
-0.48950416
-0.81011045
-0.44788438
-0.88864187
 0.19531377
-0.97718728
 0.476271
  -0.23216316
-0.35526103
 0.21558177
 0.26047952
 0.70676096
 1.76449831
 1.1235576
  0.60284292
 0.94269764
 0.77996665
 1.34274458
 1.22099303
 0.96590395
 0.6697538
  0.4314498
  0.595356
   0.36579699
 1.00225757
 0.15984825
 1.18777236
-0.56800448
 1.17055988
 0.26345275
-0.35830492
-0.79327351
 0.06839784
-0.99235746
-1.1454399
 -0.4828894
-1.11623604
-0.59102964
-1.2094443
 -0.27406731
-0.67084321
-0.49169946
-0.3751478
 -0.89246883
-0.66780856
-0.22350621
-1.1254412
 -0.79226884
 0.01059445
 0.1882405
 -0.93931551
-0.18812661
 0.5841344
  0.22251286
 0.65858882
 0.27633913
-0.17803808
 0.5307828
  1.43903819
 0.95151861
 0.12122456
 1.46414405
 0.88862041
 0.9109824
  0.62951531
 0.56771201
 1.60997949
-0.11547646
 1.11446601
 0.28417548
-0.55813476
 0.32998643
 0.60845311
-0.38288145
-1.19245319
 0.08858105
-1.06051175
-1.20753431
-0.8678749
 -0.65550361
-0.90608489
-0.87180407
-1.39483425
-0.47729697
 0.30288874
 0.01281242
-0.9480525
 -1.35527869
-0.77173954
-0.92023552
-0.38456192
-0.79388006
-0.69297431
 0.07135971
 0.90115956
 0.19441014
 0.68795512
 0.84110917
 0.92699738
 1.57416085
 1.10548203
 1.07705693
 1.75373255
 0.82349773
 0.94380525
 1.24752908
-0.10915776
 1.88750908
 0.16761507
 0.35674406
 0.99663696
-0.13152989
 0.60679103
 0.29892588
 0.24688064
-1.5162343
 -0.59186639
-1.19501365
-0.36443802
-1.2327222
-1.25383431
-1.99908121
-0.58481712
-0.12285732
-0.39566884
-1.185677
-1.37175723
-0.0087557
 -0.47034619
-0.17507241
-1.02181687
-0.20617549
 0.27987852
-0.38939799]