[
0.
         0.15044862
 0.29747238
 0.43772438
 0.56801186
 0.68536893
 0.78712403
 0.87096077
 0.93497066
 0.97769656
 0.99816584
 0.99591253
 0.97098793
 0.92395943
 0.8558976
  0.76835182
 0.66331502
 0.5431783
 0.41067647
 0.26882587
 0.12085562
-0.02986583
-0.1799074
 -0.3258535
-0.46438176
-0.59233867
-0.70681138
-0.805194
  -0.8852469
 -0.94514775
-0.98353292
-0.99952862
-0.99277071
-0.96341302
-0.91212387
-0.84007082
-0.74889412
-0.64066933
-0.51786012
-0.38326217
-0.23993951
-0.09115479
 0.05970502
 0.20920567
 0.3539439
  0.49062483
 0.61613701
 0.72762323
 0.8225456
  0.89874325
 0.9544816
  0.98849181
 0.99999965
 0.98874316
 0.95497858
 0.89947455
 0.82349456
 0.72876827
 0.61745204
 0.49207993
 0.35550594
 0.2108391
  0.06137263
-0.08949093
-0.2383173
 -0.38171853
-0.51643019
-0.63938565
-0.74778593
-0.83916334
-0.91143776
-0.9629639
-0.99256879
-0.99957852
-0.98383349
-0.94569214
-0.88602274
-0.80618361
-0.70799224
-0.59368389
-0.46586072
-0.32743254
-0.18155057
-0.03153573
 0.11919701
 0.26721631
 0.4091526
  0.5417748
  0.66206386
 0.76728147
 0.85503242
 0.92331912
 0.97058707
 0.99576024
 0.99826559
 0.97804608
 0.93556199
 0.87178045
 0.7881534
  0.68658456
 0.56938608
 0.43922589
 0.29906702
 0.15210008
 0.00167068
-0.14879675
-0.29587691
-0.43622164
-0.56663607
-0.68415139
-0.78609247
-0.87013866
-0.93437673
-0.97734432
-0.99806331
-0.99606204
-0.97138609
-0.92459716
-0.85676039
-0.76942003
-0.66456434
-0.54458027
-0.41219919
-0.27043467
-0.12251388
 0.02819585
 0.17826373
 0.32427355
 0.46290149
 0.59099179
 0.70562855
 0.80420214
 0.8844686
  0.94460071
 0.98322961
 0.99947593
 0.99296985
 0.96385945
 0.91280744
 0.84097596
 0.75000021
 0.64195121
 0.51928861
 0.38480475
 0.24156106
 0.09281839
-0.05803723
-0.20757167
-0.35238088
-0.48916836
-0.61482026
-0.72647617
-0.82159433
-0.89800944
-0.95398195
-0.9882377
-0.99999686
-0.98899175
-0.9554729
 -0.90020333
-0.82444123
-0.72991127
-0.61876536
-0.49353366
-0.35706699
-0.21247193
-0.06304008
 0.08782683
 0.23669442
 0.38017382
 0.51499881
 0.6381002
  0.74667565
 0.83825352
 0.91074911
 0.96251209
 0.99236411
 0.99962562
 0.98413131
 0.9462339
 0.8867961
  0.80717097
 0.70917112
 0.59502746
 0.46733839
 0.32901067
 0.18319324
 0.03320553
-0.11753807
-0.265606
  -0.40762759
-0.5403698
-0.66081085
-0.76620897
-0.85416485
-0.92267623
-0.9701835
 -0.99560517
-0.99836255
-0.97839286
-0.93615071
-0.8725977
 -0.78918057
-0.68779827
-0.5707587
 -0.44072618
-0.30066082
-0.15375111
-0.00334136
 0.14714445
 0.29428062
 0.43471768
 0.56525869
 0.68293194
 0.78505871
 0.86931413
 0.93378018
 0.97698934
 0.99795799
 0.99620878
 0.97178153
 0.92523231
 0.85762079
 0.7704861
  0.6658118
  0.54598073
 0.41372077
 0.27204272
 0.12417181
-0.0265258
 -0.17661956
-0.32269269
-0.46141994
-0.58964327
-0.70444375
-0.80320804
-0.88368782
-0.94405104
-0.98292355
-0.99942046
-0.99316621
-0.9643032
 -0.91348845
-0.84187874
-0.75110422
-0.6432313
-0.52071565
-0.38634625
-0.24318192
-0.09448173
 0.05636928
 0.20593709
 0.35081687
 0.48771053
 0.61350179
 0.72532708
 0.82064078
 0.89727313
 0.95347965
 0.98798083
 0.99999128
 0.98923758
 0.95596455
 0.90092961
 0.8253856
  0.73105223
 0.62007694
 0.49498601
 0.35862704
 0.21410417
 0.06470735
-0.08616248
-0.23507088
-0.37862805
-0.513566
  -0.63681296
-0.74556329
-0.83734136
-0.91005791
-0.96205759
-0.99215666
-0.99966994
-0.98442639
-0.94677302
-0.88756699
-0.80815607
-0.71034802
-0.59636937
-0.46881475
-0.33058788
-0.18483539
-0.03487525
 0.11587881
 0.26399496
 0.40610144
 0.53896329
 0.65955599
 0.76513434
 0.8532949
  0.92203077
 0.96977722
 0.99544732
 0.99845673
 0.97873692
 0.93673681
 0.87341251
 0.79020554
 0.68901006
 0.57212973
 0.44222524
 0.30225378
 0.15540171
 0.00501203
-0.14549175
-0.29268351
-0.43321252
-0.56387973
-0.68171059
-0.78402276
-0.86848716
-0.93318103
-0.97663164
-0.99784988
-0.99635273
-0.97217426
-0.92586488
-0.8584788
 -0.77155001
-0.6670574
 -0.54737966
-0.41524118
-0.27365002
-0.12582939
 0.02485566
 0.17497489
 0.32111093
 0.4599371
  0.58829309
 0.70325699
 0.8022117
  0.88290458
 0.94349873
 0.98261475
 0.99936219
 0.99335981
 0.96474425
 0.91416692
 0.84277918
 0.75220613
 0.6445096
  0.52214123
 0.38788667
 0.24480211
 0.0961448
-0.05470118
-0.20430193
-0.34925188
-0.48625134
-0.6121816
 -0.72417596
-0.81968493
-0.89653431
-0.95297468
-0.9877212
 -0.9999829
 -0.98948065
-0.95645353
-0.90165337
-0.82632766
-0.73219115
-0.62138679
-0.49643697
-0.36018609
-0.21573581
-0.06637444
 0.08449789
 0.23344669
 0.37708123
 0.51213176
 0.63552395
 0.74444885
 0.83642687
 0.90936417
 0.96160041
 0.99194644
 0.99971146
 0.98471872
 0.94730949
 0.8883354
  0.80913893
 0.71152294
 0.59770961
 0.4702898
  0.33216417
 0.18647703
 0.03654486
-0.11421922
-0.26238318
-0.40457416
-0.53755527
-0.65829929
-0.76405757
-0.85242257
-0.92138274
-0.96936823
-0.9952867
 -0.99854812
-0.97907824
-0.9373203
 -0.87422488
-0.7912283
 -0.69021993
-0.57349916
-0.44372306
-0.3038459
 -0.15705188
-0.00668268
 0.14383864
 0.29108558
 0.43170614
 0.5624992
  0.68048733
 0.78298462
 0.86765777
 0.93257927
 0.97627122
 0.99773899
 0.99649389
 0.97256427
 0.92649486
 0.85933441
 0.77261177
 0.66830113
 0.54877706
 0.41676044
 0.27525655
 0.12748662
-0.02318546
-0.17332974
-0.31952828
-0.45845297
-0.58694128
-0.70206826
-0.80121311
-0.88211888
-0.94294379
-0.98230321
-0.99930114
-0.99355064
-0.96518261
-0.91484283
-0.84367726
-0.75330594
-0.6457861
 -0.52356536
-0.389426
-0.24642162
-0.09780761
 0.05303292
 0.2026662
  0.34768591
 0.48479078
 0.61085971
 0.72302282
 0.81872679
 0.89579299
 0.95246705
 0.98745882
 0.99997174
 0.98972096
 0.95693984
 0.90237461
 0.82726742
 0.73332803
 0.62269491
 0.49788655
 0.36174413
 0.21736685
 0.06804135
-0.08283307
-0.23182184
-0.37553335
-0.51069608
-0.63423316
-0.74333233
-0.83551003
-0.9086679
 -0.96114054
-0.99173345
-0.9997502
 -0.98500829
-0.94784332
-0.88910132
-0.81011952
-0.71269587
-0.59904818
-0.47176355
-0.33373953
-0.18811815
-0.03821438]