[  4.62521348e-05   5.80532396e-05   2.00801089e-01   4.30372136e-04
   4.05310766e-06   4.37172921e-03   8.68161097e-02   6.82955200e-04
   6.76095903e-01   1.58032584e+00   2.42763758e-02   9.75495458e-01
   2.50474036e-01   9.06175934e-04   1.34062684e+00   2.72274077e-01
   5.11639143e-07   7.33879983e-01   3.55012007e-02   5.85543038e-03
   7.26674160e-04   2.72193909e-01   5.99562132e-04   1.54971951e-06
   1.95650625e+00   2.38092358e-12   2.61064943e-05   5.02013564e-02
   1.74727291e-03   1.28976128e-04   6.49296723e-08   1.16824422e-05
   5.49539727e-05   1.12056105e-05   7.17183901e-03   8.40956438e-03
   1.86187579e-04   2.15347379e-01   1.15359644e-09   1.10768586e-01
   2.74180979e-06   2.00336389e-02   1.65806370e-04   3.12150596e-03
   6.18342170e-03   1.45663143e-04   2.44376060e-05   1.54971951e-06
   4.43836878e-04   8.64966074e-04   2.86061375e-04   2.72356119e-04
   1.46531931e-03   3.21098254e-04   2.02653737e-05   2.41012517e-02
   2.83518480e-03   1.93884643e-03   4.53052297e-03   3.20540182e-03
   5.54307844e-05   6.73733413e-01   1.07288304e-06   1.02865517e+00
   3.08216969e-03   3.63384262e-02   1.32194356e-04   1.49119704e-04
   1.64968718e-03   3.33785465e-06   2.74180979e-06   4.31528315e-05
   1.43050129e-05   3.43382999e-04   9.74611100e-03   6.31133153e-04
   5.47140138e-04   9.35749122e-05   1.16824422e-05   2.98022769e-06
   1.10563040e-01   6.72317765e-05   5.28315199e-04   1.54216245e-01
   3.33264358e-02   3.72181274e-03   2.27831585e-08   5.45204654e-02
   3.99789780e-01   6.80101365e-02   5.12586812e-05   3.01311980e-03
   2.00452050e-03   7.80790360e-05   1.05599419e-03   3.37424543e-04
   1.40675250e-03   2.13382355e-05   6.73015639e-02   7.72446365e-05
   9.96787697e-02   6.80096098e-04   1.70216372e-04   1.22817396e-03
   2.32539494e-02   4.54177061e-05   6.02607608e-01   2.62260096e-06
   4.14839706e-05   1.01183009e+00   5.66203031e-04   1.19160271e+00
   1.18201065e+00   2.86101886e-06   7.07738567e-03   4.65046498e-04
   1.51947874e-03   1.31717592e-04   1.41089663e-01   3.57627232e-06
   6.77240312e-01   4.17264673e-04   4.00999151e-02   9.08915245e-04
   6.43001646e-02   5.99178672e-02   6.98542062e-05   1.39703523e-04
   3.14530969e-01   3.67169008e-02   4.02727077e-04   9.05986508e-06
   1.45434278e-05   2.01920149e-04   1.29770441e-03   1.61529193e-03
   7.70062325e-05   1.98382530e-02   3.01594955e-05   3.62389692e-05
   1.67236649e-04   9.08253714e-02   2.44268641e-01   1.91386067e-03
   1.88292505e-03   6.67569793e-06   4.41941202e-01   2.90553067e-02
   1.27782207e-03   3.65216017e-01   4.72057654e-05   3.46424788e-01
   2.01081300e+00   1.21542076e-02   6.90458834e-01   1.94070358e-02
   1.00642174e-01   6.64222658e-01   1.15030375e-03   8.92565697e-02
   1.21586083e-04   5.36440348e-06   1.09472466e+00   7.12870538e-01
   4.52416105e-04   2.68140063e-02   7.86364451e-02   2.19187867e-02
   1.50549997e-04   1.46020713e-04   1.83803830e-04   6.90023541e-01
   4.66081453e-03   8.37658122e-02   2.59717507e-03   5.15328196e-04
   8.61121248e-03   1.95122010e-03   1.19237062e-02   3.26338075e-02
   5.36440348e-06   6.92008878e-04   4.04575560e-03   3.01375240e-02
   2.13585515e-03   1.96499795e-01   4.97516207e-02   2.71402707e-04
   1.26699746e-01   1.75810198e-03   2.79635694e-02   4.04741094e-02
   1.64647389e-03   1.66892869e-06   2.42939442e-02   3.05725087e-04
   5.06868644e-04   4.40258766e-03   2.74180979e-06   1.66891605e-05
   1.63316399e-01   6.00038678e-04   4.03932817e-02   1.20484447e-02
   1.29572101e-04   2.03904480e-01   4.39083809e-03   5.65571571e-03
   8.23853612e-01   3.57087294e-04   1.05381377e-01   4.62425116e-04
   6.99394674e-04   9.36263561e-01   8.54694081e-05   3.71896243e-03
   1.00677535e-02   1.72851978e-05   2.59715733e-07   1.44978061e-01
   3.92981946e-07   6.92581962e-05   9.43944869e-08   6.00122064e-07
   3.33785465e-06   3.83665343e-03   2.01832084e-03   3.70327421e-02
   1.18200973e-01   2.02873634e-04   3.27486061e-02   1.82731135e-04
   1.40452040e-02   2.36312374e-02   6.98363315e-03   2.37489361e-02
   1.27986938e-01   5.65249880e-04   1.51617780e-01   1.66366845e-02
   5.33269085e-02   4.85509895e-02   2.57697277e-04   1.54971951e-06
   1.06861687e-03   1.72361775e-04   1.74739189e-03   2.00238228e-02
   1.11859418e-01   1.17078796e-02   4.99474445e-05   1.63315399e-05
   1.82649139e-02   5.49761287e-04   3.91666681e-01   3.35105909e-07
   7.59847936e-08   7.72446365e-05   7.98699057e-06   2.65410200e-08
   6.54437608e-05   1.29294221e-03   2.73547892e-04   1.25575259e-01
   5.09370759e-04   1.91838189e-03   4.09113216e-10   7.29702037e-07
   3.42072133e-04   5.19392586e-07   3.10879014e-03   1.63214374e+00
   5.10067940e-01   3.98913922e-04   6.27252087e-02   2.26455624e-03
   9.31535512e-02   5.96044674e-06   8.22540733e-06   2.00966664e-04
   9.53673862e-07   1.08552643e-03   6.28869631e-04   1.81736215e-03
   5.22468805e-01   7.62264580e-02   4.32061791e-01   6.54908549e-03
   3.24946683e-07   9.77511354e-06   4.47565801e-02   1.67311028e-01
   2.02655588e-06   1.46287708e-02   1.78949609e-02   9.91821755e-03
   1.55244907e-03   8.36097915e-03   2.50188983e-04   1.99059694e-04
   1.46572068e-01   4.72512329e-03   2.66873976e-04   6.50787028e-03
   3.05486727e-04   8.23754410e-04   3.72012943e-01   4.88756905e-06
   2.43628211e-02   1.18377590e+00   9.89432192e-06   1.51134384e+00
   6.07965512e-06   1.21592739e-05   6.46858767e-04   1.17090321e-03
   4.97885942e-02   3.66420951e-03   1.50206208e-01   2.76769578e-01
   2.89950508e-09   3.60185601e-04   1.56800523e-01   2.34252606e-02
   3.38857211e-02   1.31636351e-01   1.35897662e-05   3.05129215e-04
   4.36852453e-03   2.58752078e-01   2.01974856e-03   7.66936864e-04
   1.02407928e-03   1.00226110e-07   2.48778099e-03   7.23457837e-04
   4.07687476e-05   6.11817501e-02   6.40017614e-02   9.93686635e-03
   5.24264236e-04   1.50686165e-03   2.43657693e-01   1.19209221e-06
   1.07303277e-01   1.96160465e-01   7.03683239e-04   7.50879645e-02
   9.13889706e-03   3.09886247e-01   2.22469524e-07   2.05806717e-02
   2.22079828e-01   1.66892869e-06   1.03711545e-05   2.90781260e-03
   5.06987795e-04   1.27903390e-04   1.87502103e-08   2.96392798e-01
   1.73672845e-04   8.46859455e-01   1.11934042e+00   9.37821865e-01
   4.98033389e-02   8.40429857e-04   8.70881438e-01   9.14552033e-01
   2.18150617e-05   7.70799756e-01   1.04949676e-01   9.67392116e-04
   6.40133367e-05   1.47282526e-01   1.69401646e-01   9.63342958e-04
   5.77471964e-03   5.51429344e-04   9.15142536e-01   2.86101886e-06
   1.06267273e-01   2.18634635e-01   2.02004954e-01   3.50741521e-02
   9.17972187e-08   8.29662240e-05   4.25232761e-02   1.52695444e-04
   6.61387965e-02   5.78593696e-04   5.19967005e-02   2.26497400e-06
   5.43040574e-01   2.01461662e-05   9.06895027e-02   8.94065670e-06
   9.79852339e-05   2.05037868e-05   6.00796775e-05   5.96948601e-02
   3.69200204e-03   8.92479206e-04   2.27902186e-04   2.64818198e-03
   3.36164558e-05   5.71116209e-01   3.81468999e-06   2.36612558e-03
   6.80661906e-05   2.18549911e-02   6.78277866e-05   2.69538164e-03
   1.09671946e-05   4.62544267e-04   7.27174029e-06   4.28465602e-04
   7.56021263e-03   7.57441759e-01   5.09843649e-03   4.78017828e-05
   4.36155573e-02   4.08879496e-05   2.53417552e-01   1.40395507e-01
   3.05129215e-04   2.59503489e-03   4.65736650e-02   9.83031839e-02
   1.85622129e-09   2.72510340e-03   1.35627761e-03   3.25839757e-03
   2.17056557e-04   1.36842893e-04   3.31595004e-01   3.16999061e-03
   2.53186785e-02   3.35872136e-02   2.71666260e-03   1.01629877e-02
   3.14902961e-02   2.43318112e-07   2.27537961e-03   5.74572259e-05
   8.93316865e-02   4.24500406e-02   1.50987178e-01   1.07288304e-06
   5.77495666e-03   1.47175808e-02   4.57090996e-02   2.26930186e-01
   2.62495160e-01   7.56975412e-01   4.91636433e-03   6.49690852e-02
   1.70812316e-04   1.15404418e-02   1.36920316e-02   5.13643682e-01
   2.38415741e-05   1.17057812e+00   1.41014651e-04   1.05163884e+00
   1.09024799e+00   2.60361340e-02   4.16673839e-01   2.98022769e-06
   9.03565597e-05   2.78888042e-08   5.50256175e-07   1.20221786e-01
   2.41593197e-02   1.09671946e-05   2.14779168e-01   8.22540733e-06
   1.54173677e-03   6.33114949e-02   3.05733131e-03   9.90734319e-04
   2.86101886e-06   1.59582034e-01   8.41027405e-03   7.90160149e-03
   1.31130128e-06   1.01973101e-01   1.15149545e-04   4.94886702e-03
   4.28206192e-07   2.97972234e-03   2.30064206e-02   2.52334226e-04
   1.02519462e-05   2.17629923e-03   6.91411469e-06   2.37778071e-02
   1.17094032e-01   7.26460826e-07   4.68859420e-04   1.09758209e-02]