[-0.01912789
 0.12483629
 0.24103196
 0.32755602
 0.404823
   0.5716647
 0.67584407
 0.73106596
 0.76820596
 0.74998883
 0.77266183
 0.85059716
 0.8807314
  0.78200132
 0.81086669
 0.81362039
 0.72739956
 0.8058555
 0.70225498
 0.58135178
 0.55564127
 0.3945919
  0.33327809
 0.19183497
 0.13814429
-0.01122667
-0.13190306
-0.30644921
-0.34711406
-0.50179758
-0.61190054
-0.6758942
 -0.73372045
-0.74521207
-0.81767045
-0.79529964
-0.85095348
-0.84316134
-0.82799568
-0.86875985
-0.81332407
-0.77421688
-0.77221082
-0.67580994
-0.61200632
-0.49033647
-0.49333455
-0.32528815
-0.26266789
-0.11005035
 0.04019094
 0.08409893
 0.27366015
 0.35769859
 0.4834669
  0.54108079
 0.6166162
  0.76967966
 0.78187372
 0.76624974
 0.76980244
 0.79649199
 0.79302309
 0.85194532
 0.81187526
 0.82405289
 0.77379475
 0.73433972
 0.68687665
 0.63010409
 0.55107922
 0.47069237
 0.34193046
 0.23275003
 0.08242343
 0.00569461
-0.19314398
-0.23162377
-0.3808254
 -0.49229861
-0.57004808
-0.67482988
-0.75189186
-0.71522311
-0.76086492
-0.82970505
-0.86356059
-0.79724871
-0.81888824
-0.89252939
-0.81269578
-0.76796314
-0.71676464
-0.68196972
-0.63031005
-0.57625753
-0.38996811
-0.39021072
-0.28241156
-0.14843155
 0.00413182
 0.16039927
 0.27338505
 0.40774778
 0.52763049
 0.61646763
 0.64555154
 0.67784265
 0.73580064
 0.83370093
 0.78419179
 0.86461183
 0.86952615
 0.82346752
 0.85045967
 0.84483197
 0.77002223
 0.76178746
 0.69923883
 0.66270507
 0.54118798
 0.43161701
 0.35252466
 0.28527396
 0.11726367
 0.01315602
-0.18040889
-0.26354936
-0.35292328
-0.46216329
-0.58141033
-0.63912884
-0.70241476
-0.76230432
-0.77982555
-0.84803
   -0.78967445
-0.86375972
-0.84653821
-0.86679841
-0.87801426
-0.78368042
-0.75255353
-0.68529913
-0.620975
  -0.49782935
-0.3895658
 -0.3187449
 -0.25836462
-0.09046113
 0.04244156
 0.17305905
 0.22830131
 0.41631666
 0.48147902
 0.60050522
 0.64512795
 0.76001083
 0.81396401
 0.84421916
 0.80887771
 0.82188009
 0.85697627
 0.87000062
 0.82828265
 0.76833553
 0.79023271
 0.70869867
 0.65519144
 0.62659631
 0.43619079
 0.4479768
  0.35827849
 0.19475535
 0.05039268
-0.04574939
-0.15045097
-0.29691972
-0.42492822
-0.51468033
-0.56089433
-0.59445014
-0.68285829
-0.77031705
-0.81219207
-0.80704227
-0.8463198
 -0.87415453
-0.81532422
-0.81062745
-0.76324781
-0.81272197
-0.78118084
-0.67840262
-0.65029116
-0.53973546
-0.43840776
-0.33566666
-0.19291406
-0.07710421
 0.01466116
 0.1122045
  0.29614015
 0.39277157
 0.48596895
 0.53407643
 0.5984693
  0.69378918
 0.8214314
  0.7811283
 0.79151154
 0.79471849
 0.79498199
 0.84067131
 0.8696644
  0.81382379
 0.81019499
 0.7424047
  0.65118735
 0.62355715
 0.52554202
 0.42086688
 0.36442227
 0.18911397
 0.05925861
-0.00446319
-0.14443414
-0.23714407
-0.33337592
-0.46246231
-0.55962417
-0.65083806
-0.74945271
-0.76727297
-0.77130356
-0.81028094
-0.82108341
-0.86957569
-0.82296174
-0.78797943
-0.79745782
-0.76497656
-0.72562768
-0.68376156
-0.60802071
-0.60404232
-0.41315539
-0.24238293
-0.22848426
-0.05400221
 0.09249428
 0.14945052
 0.27353469
 0.36145032
 0.51202618
 0.59738441
 0.66628767
 0.72070915
 0.7565766
  0.80662136
 0.83599047
 0.87884575
 0.83516423
 0.80586802
 0.84396981
 0.79269584
 0.78739381
 0.73424048
 0.70490454
 0.57734249
 0.51562945
 0.43152598
 0.29952529
 0.23630697
 0.09122672
-0.06670461
-0.18959297
-0.30568315
-0.41385527
-0.52100699
-0.56036801
-0.57995943
-0.6985316
 -0.73992343
-0.76071371
-0.82964118
-0.81965742
-0.89698299
-0.8775052
 -0.81807732
-0.77597085
-0.76108926
-0.73762995
-0.69337568
-0.583815
  -0.55766799
-0.43960306
-0.32864657
-0.18255852
-0.04616951
 0.03436208
 0.16717217
 0.32105885
 0.41406964
 0.53382137
 0.58676322
 0.64971953
 0.76667089
 0.75960764
 0.77343512
 0.79238964
 0.91900073
 0.83025228
 0.82390911
 0.82901543
 0.78173424
 0.77974343
 0.72158166
 0.62508229
 0.56193527
 0.57822659
 0.42629341
 0.34490109
 0.20310341
 0.02882066
-0.07383191
-0.20407242
-0.3297052
 -0.37152632
-0.46791347
-0.61632915
-0.63326267
-0.77339658
-0.80516688
-0.81961641
-0.84856024
-0.85562801
-0.8264109
 -0.8623044
 -0.80800434
-0.81910528
-0.77827554
-0.71388317
-0.67481604
-0.63361223
-0.49946704
-0.37803647
-0.3061001
-0.18176735
-0.11091349
 0.10140728
 0.23703642
 0.27805728
 0.42351923
 0.51872182
 0.62492361
 0.61019166
 0.77245698
 0.75674255
 0.80258406
 0.8122576
  0.83426775
 0.81681582
 0.81861283
 0.8129813
  0.84143655
 0.76001737
 0.74529268
 0.69131298
 0.60578255
 0.54656714
 0.41825555
 0.26780561
 0.13177468
 0.03107758
-0.05140405
-0.23929393
-0.38748453
-0.438637
  -0.55354909
-0.56304641
-0.70733742
-0.7408337
 -0.74158356
-0.74728921
-0.84332487
-0.85102696
-0.74130634
-0.81017092
-0.8011906
-0.80558433
-0.72411258
-0.71818436
-0.6189863
 -0.60592201
-0.54542681
-0.45072904
-0.28328686
-0.24953493
-0.03524378
 0.05121046
 0.22309215
 0.32088045
 0.39866257
 0.52187837
 0.61117749
 0.72674917
 0.72204342
 0.78458873
 0.75210532
 0.86505279
 0.84120759
 0.85123859
 0.8895889
 0.84844234
 0.77589414
 0.73850804
 0.68533611
 0.73507321
 0.54825556
 0.49512816
 0.3936838
  0.27425502
 0.18282644
 0.07649942
-0.04220214
-0.13988962
-0.31988069
-0.37552743
-0.5519002
 -0.60271639
-0.67543691
-0.75976064
-0.74513835
-0.85616043
-0.82098289
-0.83684336
-0.86002673
-0.84918385
-0.83517141
-0.79195532
-0.73056761
-0.73906908
-0.66078258
-0.55508141
-0.51267972
-0.36269254
-0.25395621
-0.1353278
 -0.04879492
 0.05101662
 0.22111422
 0.36783486
 0.43712851
 0.53654176
 0.62310171
 0.71111277
 0.71474056
 0.78206564
 0.83064788
 0.82114503
 0.82091915
 0.86531518
 0.81027667
 0.82624524
 0.77866895
 0.74992922
 0.71969688
 0.64846441
 0.58323962
 0.49557237
 0.39975458
 0.27775419
 0.14216086
 0.00737197
-0.14682186
-0.27474644
-0.3616872
 -0.38143287
-0.49407805
-0.60525485
-0.68340084
-0.72529566
-0.76752525
-0.82075569
-0.81742581
-0.79346158
-0.85889771
-0.83017824
-0.78431468
-0.79654494
-0.8141352
-0.74434481
-0.63686322
-0.56059464
-0.49497822
-0.3420307
 -0.26042961
-0.20121545
 0.02832412]