0.0196795
0.12065
0.318171
0.432132
0.543846
0.646221
0.726252
0.782518
0.82014
0.84408
0.85661
0.855876
0.833881
0.780235
0.695819
0.582581
0.457557
0.336278
0.204539
0.0638924
-0.0770125
-0.223076
-0.371134
-0.507514
-0.61793
-0.698922
-0.754404
-0.790038
-0.810736
-0.819202
-0.815138
-0.794163
-0.746485
-0.662775
-0.555918
-0.454743
-0.35477
-0.227016
-0.0661891
0.105633
0.258034
0.380226
0.492468
0.601158
0.69242
0.759209
0.804719
0.834503
0.852242
0.85821
0.847445
0.809232
0.738269
0.638159
0.514873
0.392528
0.267299
0.128978
-0.01165
-0.154851
-0.303222
-0.447063
-0.570661
-0.665005
-0.731598
-0.775696
-0.802799
-0.816752
-0.818737
-0.806446
-0.772626
-0.705875
-0.60608
-0.499898
-0.402762
-0.29062
-0.143616
0.0268582
0.191733
0.326525
0.440686
0.552206
0.653214
0.73134
0.785976
0.822403
0.845434
0.857081
0.855092
0.830985
0.774783
0.688185
0.573052
0.448241
0.32676
0.193914
0.0531621
-0.087938
-0.234443
-0.382177
-0.516985
-0.625128
-0.703992
-0.757755
-0.792096
-0.811798
-0.81936
-0.814222
-0.791622
-0.741399
-0.655048
-0.547742
-0.447423
-0.346276
-0.215747
-0.0530673
0.11833
0.268286
0.388871
0.501027
0.608918
0.698386
0.763364
0.807486
0.836255
0.853137
0.858085
0.845643
0.804925
0.731665
0.629284
0.505283
0.383325
0.257128
0.118193
-0.0223979
-0.166058
-0.314554
-0.457411
-0.578926
-0.671015
-0.735686
-0.778304
-0.804296
-0.817331
-0.818358
-0.804753
-0.768828
-0.69923
-0.597767
-0.492268
-0.395149
-0.280652
-0.131105
0.0400506
0.203219
0.335644
0.449243
0.560506
0.660066
0.736289
0.789328
0.824589
0.846723
0.857475
0.854181
0.827892
0.769158
0.680367
0.56347
0.438967
0.31716
0.183241
0.0424398
-0.0989032
-0.245822
-0.393146
-0.526293
-0.632153
-0.708914
-0.760992
-0.79407
-0.81279
-0.819446
-0.813206
-0.788919
-0.736088
-0.647188
-0.539631
-0.440111
-0.337594
-0.204277
-0.0398945
0.130891
0.278347
0.397481
0.509571
0.616565
0.704205
0.767396
0.810164
0.83794
0.853966
0.857863
0.843675
0.80042
0.724901
0.620265
0.495731
0.374097
0.246866
0.107413
-0.0331658
-0.177301
-0.325857
-0.467629
-0.587014
-0.676863
-0.739645
-0.780815
-0.805719
-0.817842
-0.817898
-0.802933
-0.764827
-0.69238
-0.589439
-0.484714
-0.387428
-0.270461
-0.118458
0.0531983
0.214501
0.344651
0.457805
0.568736
0.666775
0.7411
0.792576
0.8267
0.847947
0.857791
0.853137
0.824601
0.763364
0.672365
0.553852
0.429727
0.30747
0.172531
0.0317234
-0.109909
-0.257207
-0.404032
-0.535434
-0.639006
-0.713691
-0.76412
-0.795961
-0.813714
-0.819459
-0.812089
-0.78605
-0.730551
-0.639211
-0.531592
-0.432792
-0.328712
-0.192613
-0.0266844
0.143301
0.288224
0.406065
0.518094
0.624091
0.709875
0.771309
0.812756
0.839558
0.854727
0.857539
0.841531
0.795719
0.717973
0.611113
0.486222
0.364832
0.236517
0.0966391
-0.0439574
-0.188576
-0.337123
-0.477712
-0.594925
-0.682552
-0.743478
-0.783233
-0.807068
-0.818284
-0.817352
-0.80098
-0.76062
-0.685334
-0.581113
-0.477227
-0.379583
-0.260051
-0.105689
0.0662872
0.225575
0.35356
0.466371
0.576888
0.673338
0.745775
0.795725
0.828737
0.849108
0.858026
0.851956
0.821109
0.757404
0.664178
0.544214
0.420515
0.297687
0.16179
0.0210091
-0.120956
-0.268594
-0.414827
-0.544406
-0.645688
-0.718327
-0.767139
-0.797771
-0.814569
-0.819398
-0.810865
-0.78301
-0.72479
-0.631131
-0.523632
-0.425449
-0.319624
-0.180764
-0.0134511
0.15555
0.297927
0.414632
0.526589
0.631492
0.7154
0.775105
0.815264
0.84111
0.855418
0.857108
0.839209
0.790825
0.710877
0.601843
0.47676
0.355519
0.226089
0.0858757
-0.0547771
-0.19988
-0.348345
-0.487651
-0.602659
-0.688084
-0.747188
-0.785559
-0.808345
-0.818657
-0.816718
-0.79889
-0.756201
-0.678102
-0.572804
-0.469799
-0.371597
-0.249423
-0.0928113
0.0793027
0.236443
0.362384
0.47494
0.584955
0.679755
0.750319
0.798775
0.830702
0.850203
0.858176
0.85063
0.817416
0.751283
0.655811
0.534568
0.411321
0.287809
0.151028
0.0102933
-0.132044
-0.279977
-0.425524
-0.553205
-0.652201
-0.722823
-0.770053
-0.799501
-0.815355
-0.819261
-0.809532
-0.779791
-0.718804
-0.622968
-0.515754
-0.418065
-0.310323
-0.168736
-0.000207753
0.167622
0.307468
0.423189
0.535048
0.638763
0.72078
0.778787
0.817689
0.842596
0.856039
0.856566
0.836703
0.785744
0.703608
0.592471
0.467347
0.346148
0.215588
0.0751233
-0.0656291
-0.211208
-0.359517
-0.497442
-0.610216
-0.693462
-0.750778
-0.787795
-0.809551
-0.81896
-0.815994
-0.796657
-0.751566
-0.670694
-0.564526
-0.46242
-0.363458
-0.238579
-0.0798386
0.0922293
0.247104
0.371137
0.483511
0.592929
0.686024
0.754732
0.80173
0.832596
0.851234
0.85824
0.849155
0.813521
0.745004
0.647269
0.52493
0.402135
0.277833
0.140252
-0.000428252
-0.143173
-0.291349
-0.436113
-0.56183
-0.658547
-0.727183
-0.772865
-0.801154
-0.816074
-0.819046
-0.808085
-0.776388
-0.712597
-0.614738
-0.507959
-0.410623
-0.300806
-0.156539
0.0130325
0.17951
0.316857
0.431743
0.543463
0.645899
0.726017
0.782358
0.820035
0.844017
0.856587
0.855909
0.834008
0.780479
0.696163
0.583014
0.457983
0.33671
0.205022
0.0643818
-0.0765155
-0.222558
-0.370629
-0.507079
-0.617597
-0.698688
-0.754249
-0.789942
-0.810686
-0.819193
-0.815178
-0.794276
-0.746712
-0.663123
-0.556292
-0.455077
-0.355153
-0.227525
-0.0667853
0.105052
0.257563
0.379831
0.492078
0.600801
0.692145
0.759017
0.804591
0.834421
0.852199
0.858213
0.847523
0.809423
0.738566
0.638559
0.51531
0.392947
0.267761
0.129469
-0.0111607
-0.154341
-0.302705
-0.446589
-0.57028
-0.664727
-0.731408
-0.775575
-0.802729
-0.816724
-0.818752
-0.80652
-0.772794
-0.706173
-0.606458
-0.500247
-0.403107
-0.291069
-0.144182
0.0262566
0.191205
0.326107
0.440296
0.551827
0.652898
0.731111
0.785821
0.822301
0.845373
0.857061
0.85513
0.831121
0.775035
0.688537
0.573487
0.448665
0.327196
0.194399
0.0536508
-0.0874394
-0.233925
-0.381676
-0.516557
-0.624804
-0.703764
-0.757605
-0.792004
-0.811751
-0.819355
-0.814266
-0.791741
-0.741635
-0.655403
-0.548113
-0.447757
-0.346668
-0.216265
-0.0536664
0.117754
0.267823
0.388478
0.500637
0.608567
0.698118
0.763177
0.807362
0.836176
0.853098
0.858093
0.845729
0.805126
0.73197
0.629692
0.50572
0.383745
0.257593
0.118685
-0.0219078
-0.165547
-0.314038
-0.456942
-0.578553
-0.670744
-0.735502
-0.778187
-0.804229
-0.817307
-0.818378
-0.804833
-0.769005
-0.699537
-0.598146
-0.492614
-0.395499
-0.281111
-0.131678
0.0394501
0.2027
0.335231
0.448853
0.560129
0.659757
0.736066
0.789177
0.824491
0.846665
0.857459
0.854226
0.828037
0.769418
0.680728
0.563908
0.439388
0.317599
0.183729
0.0429281
-0.0984026
-0.245303
-0.392648
-0.525872
-0.631837
-0.708693
-0.760847
-0.793981
-0.812746
-0.819444
-0.813255
-0.789046
-0.736335
-0.647549
-0.539999
-0.440445
-0.337994
-0.204804
-0.0404955
0.130321
0.277892
0.397089
0.509182
0.616219
0.703943
0.767215
0.810044
0.837865
0.85393
0.857875
0.843768
0.80063
0.725213
0.620679
0.496165
0.374518
0.247335
0.107904
-0.0326745
-0.176788
-0.325343
-0.467167
-0.586649
-0.6766
-0.739467
-0.780703
-0.805655
-0.817821
-0.817921
-0.803018
-0.765014
-0.692697
-0.589819
-0.485057
-0.387783
-0.270931
-0.119037
0.0526005
0.213991
0.344243
0.457415
0.568362
0.666472
0.740883
0.792431
0.826605
0.847893
0.857778
0.853188
0.824755
0.763631
0.672733
0.554291
0.430147
0.307913
0.173019
0.0322117
-0.109406
-0.256689
-0.403538
-0.535021
-0.638698
-0.713477
-0.76398
-0.795876
-0.813673
-0.819461
-0.812142
-0.786185
-0.730808
-0.639576
-0.531957
-0.433126
-0.329121
-0.193149
-0.0272866
0.14274
0.287778
0.405674
0.517706
0.623751
0.70962
0.771133
0.81264
0.839485
0.854693
0.857555
0.841633
0.795937
0.718292
0.611532
0.486654
0.365255
0.23699
0.09713
-0.043465
-0.188062
-0.33661
-0.477255
-0.594568
-0.682296
-0.743306
-0.783125
-0.807008
-0.818265
-0.817378
-0.801072
-0.760817
-0.685659
-0.581492
-0.477567
-0.379943
-0.26053
-0.106273
0.0656924
0.225075
0.353156
0.465981
0.576519
0.673042
0.745566
0.795584
0.828646
0.849056
0.858016
0.852013
0.821273
0.757679
0.664555
0.544653
0.420934
0.298135
0.16228
0.0214973
-0.120451
-0.268075
-0.414337
-0.544001
-0.645388
-0.718119
-0.767004
-0.79769
-0.814531
-0.819402
-0.810923
-0.783152
-0.725057
-0.631501
-0.523993
-0.425784
-0.320042
-0.181308
-0.0140541
0.154995
0.297489
0.414242
0.526203
0.631157
0.715152
0.774935
0.815152
0.84104
0.855388
0.85713
0.839319
0.791053
0.711204
0.602268
0.47719
0.355945
0.226566
0.0863657
-0.0542836
-0.199364
-0.347835
-0.487201
-0.60231
-0.687836
-0.747022
-0.785455
-0.808288
-0.818641
-0.816749
-0.798988
-0.756407
-0.678435
-0.573182
-0.470137
-0.371964
-0.249912
-0.0934001
0.0787118
0.235952
0.361983
0.474551
0.58459
0.679465
0.750115
0.798638
0.830614
0.850155
0.858171
0.850694
0.817589
0.751566
0.656196
0.535007
0.41174
0.288261
0.151519
0.0107818
-0.131538
-0.279458
-0.425038
-0.552808
-0.651908
-0.722622
-0.769923
-0.799424
-0.815321
-0.819269
-0.809595
-0.779942
-0.719082
-0.623342
-0.516111
-0.418402
-0.310752
-0.169288
-0.000810829
0.167076
0.307037
0.4228
0.534663
0.638434
0.720538
0.778622
0.81758
0.842529
0.856012
0.856594
0.836821
0.78598
0.703943
0.5929
0.467775
0.346577
0.216068
0.0756129
-0.0651338
-0.210692
-0.359009
-0.496999
-0.609875
-0.69322
-0.750617
-0.787695
-0.809497
-0.818948
-0.816029
-0.796762
-0.751782
-0.671035
-0.564902
-0.462755
-0.363833
-0.239078
-0.0804315
0.0916426
0.246623
0.370739
0.483121
0.592568
0.685741
0.754534
0.801597
0.832512
0.851188
0.858239
0.849226
0.813703
0.745293
0.647662
0.525369
0.402554
0.27829
0.140743
6.02752e-05
-0.142665
-0.290831
-0.435633
-0.561441
-0.658261
-0.726987
-0.772739
-0.80108
-0.816043
-0.819057
-0.808154
-0.776547
-0.712885
-0.615114
-0.508313
-0.410964
-0.301245
-0.157098
0.0124297
0.178973
0.316432
0.431353
0.543081
0.645577
0.725781
0.782198
0.819929
0.843954
0.856564
0.855941
0.834135
0.780723
0.696506
0.583447
0.458409
0.337141
0.205504
0.0648711
-0.0760186
-0.222041
-0.370124
-0.506643
-0.617265
-0.698453
-0.754093
-0.789847
-0.810636
-0.819184
-0.815217
-0.794388
-0.746938
-0.663471
-0.556666
-0.455411
-0.355535
-0.228033
-0.0673818
0.10447
0.25709
0.379436
0.491688
0.600445
0.69187
0.758824
0.804463
0.834339
0.852156
0.858217
0.847601
0.809615
0.738863
0.63896
0.515748
0.393366
0.268222
0.12996
-0.0106713
-0.153832
-0.302188
-0.446114
-0.569899
-0.664449
-0.731218
-0.775454
-0.802659
-0.816696
-0.818767
-0.806594
-0.772962
-0.706471
-0.606836
-0.500597
-0.403451
-0.291517
-0.144748
0.0256545
0.190677
0.325688
0.439907
0.551447
0.652582
0.730882
0.785665
0.8222
0.845313
0.857041
0.855168
0.831256
0.775287
0.688888
0.573923
0.449088
0.327631
0.194884
0.0541395
-0.0869407
-0.233407
-0.381174
-0.516128
-0.624479
-0.703536
-0.757454
-0.791912
-0.811704
-0.819349
-0.814309
-0.79186
-0.741871
-0.655758
-0.548484
-0.44809
-0.347059
-0.216782
-0.0542654
0.117178
0.26736
0.388085
0.500247
0.608216
0.697848
0.76299
0.807238
0.836098
0.853058
0.858101
0.845815
0.805326
0.732274
0.630099
0.506156
0.384165
0.258059
0.119176
-0.0214176
-0.165036
-0.313523
-0.456473
-0.57818
-0.670474
-0.735318
-0.77807
-0.804163
-0.817281
-0.818397
-0.804912
-0.769182
-0.699844
-0.598525
-0.492961
-0.395847
-0.281569
-0.13225
0.0388501
0.202181
0.334818
0.448463
0.559752
0.659447
0.735843
0.789027
0.824392
0.846608
0.857443
0.854269
0.828182
0.769677
0.681087
0.564345
0.43981
0.318038
0.184216
0.0434167
-0.0979021
-0.244785
-0.39215
-0.525452
-0.63152
-0.708471
-0.760702
-0.793893
-0.812702
-0.819442
-0.813303
-0.789172
-0.736581
-0.64791
-0.540367
-0.440778
-0.338393
-0.20533
-0.0410966
0.129752
0.277437
0.396697
0.508792
0.615873
0.703681
0.767033
0.809924
0.837789
0.853893
0.857887
0.843861
0.800838
0.725525
0.621092
0.496599
0.374939
0.247805
0.108394
-0.0321833
-0.176275
-0.324828
-0.466704
-0.586284
-0.676336
-0.73929
-0.78059
-0.805592
-0.817798
-0.817943
-0.803104
-0.7652
-0.693013
-0.590198
-0.4854
-0.388137
-0.271399
-0.119616
0.0520022
0.213481
0.343834
0.457025
0.567989
0.666169
0.740667
0.792284
0.826511
0.847839
0.857765
0.853238
0.824909
0.763898
0.673101
0.55473
0.430568
0.308357
0.173508
0.0326997
-0.108904
-0.25617
-0.403043
-0.534608
-0.638389
-0.713262
-0.763839
-0.795792
-0.813632
-0.819461
-0.812195
-0.786319
-0.731065
-0.639942
-0.532322
-0.43346
-0.32953
-0.193684
-0.0278893
0.142177
0.287331
0.405283
0.517318
0.62341
0.709365
0.770958
0.812523
0.839413
0.85466
0.857572
0.841734
0.796155
0.718611
0.611952
0.487086
0.365678
0.237464
0.0976204
-0.0429728
-0.187547
-0.336098
-0.476799
-0.594211
-0.68204
-0.743134
-0.783017
-0.806948
-0.818247
-0.817405
-0.801163
-0.761012
-0.685984
-0.581871
-0.477907
-0.380303
-0.261009
-0.106858
0.0650972
0.224575
0.352751
0.46559
0.576149
0.672746
0.745355
0.795442
0.828555
0.849005
0.858007
0.852069
0.821436
0.757954
0.664932
0.545092
0.421353
0.298583
0.16277
0.0219856
-0.119947
-0.267557
-0.413847
-0.543595
-0.645086
-0.71791
-0.766869
-0.797609
-0.814493
-0.819406
-0.810981
-0.783294
-0.725324
-0.631871
-0.524354
-0.42612
-0.320461
-0.181851
-0.0146576
0.154441
0.29705
0.413852
0.525816
0.630822
0.714903
0.774764
0.815039
0.840971
0.855358
0.857152
0.839428
0.791279
0.711531
0.602692
0.47762
0.35637
0.227042
0.086856
-0.0537901
-0.198848
-0.347325
-0.486751
-0.601961
-0.687586
-0.746855
-0.785351
-0.808232
-0.818626
-0.816779
-0.799086
-0.756613
-0.678768
-0.57356
-0.470474
-0.372331
-0.2504
-0.093989
0.0781201
0.235461
0.361583
0.47416
0.584224
0.679176
0.749911
0.798501
0.830526
0.850106
0.858166
0.850758
0.817761
0.751848
0.656581
0.535447
0.412158
0.288713
0.152009
0.0112699
-0.131032
-0.27894
-0.424553
-0.55241
-0.651615
-0.72242
-0.769792
-0.799346
-0.815286
-0.819276
-0.809658
-0.780092
-0.719359
-0.623715
-0.516469
-0.41874
-0.31118
-0.169839
-0.00141442
0.16653
0.306605
0.42241
0.534279
0.638105
0.720296
0.778457
0.817472
0.842463
0.855985
0.85662
0.836939
0.786215
0.704278
0.593329
0.468203
0.347004
0.216548
0.0761025
-0.0646386
-0.210175
-0.358501
-0.496556
-0.609535
-0.692978
-0.750455
-0.787594
-0.809444
-0.818936
-0.816064
-0.796867
-0.751998
-0.671376
-0.565279
-0.463091
-0.364207
-0.239576
-0.0810245
0.0910556
0.246141
0.370342
0.48273
0.592206
0.685458
0.754335
0.801465
0.832427
0.851143
0.858238
0.849296
0.813884
0.745582
0.648055
0.525808
0.402972
0.278746
0.141234
0.00054897
-0.142157
-0.290313
-0.435153
-0.561051
-0.657975
-0.726791
-0.772613
-0.801006
-0.816011
-0.819069
-0.808222
-0.776706
-0.713172
-0.61549
-0.508666
-0.411304
-0.301682
-0.157657
0.0118267
0.178435
0.316007
0.430963
0.542699
0.645255
0.725545
0.782037
0.819824
0.84389
0.85654
0.855974
0.834262
0.780966
0.696849
0.583879
0.458834
0.337573
0.205987
0.0653604
-0.0755219
-0.221523
-0.369619
-0.506207
-0.616932
-0.698218
-0.753937
-0.78975
-0.810585
-0.819175
-0.815256
-0.794499
-0.747164
-0.663819
-0.55704
-0.455745
-0.355917
-0.228541
-0.0679778
0.103888
0.256618
0.379041
0.491297
0.600089
0.691593
0.758632
0.804334
0.834257
0.852114
0.85822
0.847678
0.809805
0.739159
0.63936
0.516186
0.393785
0.268682
0.130452
-0.0101821
-0.153322
-0.301671
-0.445639
-0.569517
-0.664171
-0.731029
-0.775332
-0.802589
-0.816668
-0.818783
-0.806668
-0.77313
-0.706767
-0.607214
-0.500946
-0.403795
-0.291966
-0.145315
0.0250523
0.190148
0.32527
0.439517
0.551067
0.652266
0.730653
0.78551
0.822098
0.845252
0.857021
0.855206
0.831392
0.775539
0.689239
0.574358
0.449512
0.328066
0.195369
0.0546283
-0.0864421
-0.232888
-0.380672
-0.5157
-0.624154
-0.703307
-0.757303
-0.79182
-0.811657
-0.819343
-0.814353
-0.791978
-0.742107
-0.656112
-0.548856
-0.448423
-0.347449
-0.217299
-0.0548643
0.116602
0.266896
0.387691
0.499857
0.607864
0.697579
0.762803
0.807113
0.836019
0.853019
0.858108
0.8459
0.805526
0.732578
0.630506
0.506592
0.384585
0.258524
0.119667
-0.0209277
-0.164524
-0.313007
-0.456004
-0.577806
-0.670202
-0.735135
-0.777953
-0.804096
-0.817256
-0.818415
-0.804992
-0.769358
-0.700151
-0.598904
-0.493307
-0.396196
-0.282027
-0.132823
0.0382495
0.201661
0.334405
0.448073
0.559375
0.659138
0.735621
0.788876
0.824294
0.846551
0.857426
0.854313
0.828327
0.769937
0.681447
0.564783
0.440232
0.318477
0.184703
0.0439051
-0.0974018
-0.244266
-0.391652
-0.52503
-0.631203
-0.708249
-0.760556
-0.793805
-0.812658
-0.819439
-0.813351
-0.789298
-0.736827
-0.64827
-0.540735
-0.441111
-0.338792
-0.205856
-0.0416974
0.129182
0.276982
0.396306
0.508403
0.615526
0.703418
0.766852
0.809803
0.837713
0.853857
0.857899
0.843954
0.801047
0.725835
0.621505
0.497034
0.37536
0.248274
0.108886
-0.0316925
-0.175762
-0.324314
-0.466241
-0.585919
-0.676073
-0.739111
-0.780478
-0.805529
-0.817776
-0.817966
-0.803189
-0.765386
-0.693328
-0.590578
-0.485743
-0.38849
-0.271867
-0.120194
0.0514042
0.212971
0.343426
0.456634
0.567616
0.665866
0.74045
0.792139
0.826415
0.847784
0.857752
0.853288
0.825063
0.764165
0.673469
0.555168
0.430988
0.3088
0.173996
0.0331881
-0.108402
-0.255651
-0.402549
-0.534194
-0.638079
-0.713047
-0.763699
-0.795707
-0.813591
-0.819462
-0.812248
-0.786453
-0.731321
-0.640307
-0.532687
-0.433794
-0.329938
-0.194219
-0.0284918
0.141614
0.286884
0.404893
0.51693
0.623069
0.709109
0.770781
0.812407
0.839341
0.854627
0.857589
0.841835
0.796373
0.71893
0.612371
0.487519
0.366101
0.237937
0.0981111
-0.0424807
-0.187033
-0.335585
-0.476342
-0.593854
-0.681784
-0.742962
-0.782908
-0.806888
-0.818228
-0.817431
-0.801255
-0.761208
-0.686309
-0.58225
-0.478247
-0.380663
-0.261487
-0.107442
0.0645022
0.224074
0.352347
0.4652
0.575779
0.672449
0.745144
0.795301
0.828463
0.848953
0.857998
0.852126
0.821599
0.758228
0.665308
0.545532
0.421773
0.29903
0.16326
0.0224737
-0.119443
-0.267038
-0.413357
-0.543189
-0.644785
-0.717702
-0.766733
-0.797528
-0.814456
-0.819411
-0.811039
-0.783436
-0.72559
-0.632241
-0.524716
-0.426455
-0.320879
-0.182394
-0.0152607
0.153885
0.296611
0.413462
0.525429
0.630488
0.714654
0.774593
0.814926
0.840901
0.855328
0.857173
0.839538
0.791506
0.711857
0.603116
0.478051
0.356795
0.227519
0.0873463
-0.0532966
-0.198333
-0.346814
-0.486301
-0.601612
-0.687337
-0.746688
-0.785246
-0.808175
-0.81861
-0.81681
-0.799184
-0.756818
-0.679101
-0.573938
-0.470812
-0.372698
-0.250888
-0.0945773
0.0775286
0.234969
0.361182
0.473769
0.583858
0.678886
0.749705
0.798364
0.830438
0.850057
0.858161
0.85082
0.817933
0.75213
0.656965
0.535887
0.412577
0.289165
0.1525
0.0117584
-0.130526
-0.278421
-0.424068
-0.552012
-0.651321
-0.722217
-0.769661
-0.799269
-0.815252
-0.819284
-0.809721
-0.780242
-0.719635
-0.624088
-0.516826
-0.419077
-0.311608
-0.17039
-0.00201796
0.165983
0.306173
0.42202
0.533894
0.637776
0.720053
0.77829
0.817363
0.842396
0.855958
0.856647
0.837056
0.78645
0.704612
0.593758
0.468631
0.347432
0.217027
0.0765924
-0.0641438
-0.209659
-0.357993
-0.496112
-0.609193
-0.692736
-0.750294
-0.787494
-0.80939
-0.818923
-0.816098
-0.796971
-0.752213
-0.671716
-0.565655
-0.463426
-0.364581
-0.240074
-0.0816171
0.0904682
0.245659
0.369944
0.48234
0.591845
0.685175
0.754136
0.801332
0.832342
0.851097
0.858236
0.849366
0.814065
0.745872
0.648447
0.526247
0.403391
0.279202
0.141725
0.00103773
-0.141649
-0.289795
-0.434672
-0.560661
-0.657689
-0.726595
-0.772486
-0.800932
-0.81598
-0.81908
-0.80829
-0.776864
-0.713002
-0.657851
-0.370718
-0.377804
-0.427966
0.0807015
