0.0
0.145850329569
0.28484747748
0.411073028805
0.520241765311
0.610006078341
0.679831530279
0.730526348119
0.763581288952
0.780493605719
0.782222130474
0.768873010906
0.739666155913
0.69318741861
0.627887231326
0.542737854245
0.437912185691
0.315313460676
0.178790526681
0.0339340797639
-0.112540676495
-0.253693461595
-0.383316068498
-0.496703280864
-0.591056106629
-0.665452791651
-0.720446098173
-0.757431299762
-0.777959284006
-0.783150661497
-0.773322065677
-0.747885753889
-0.705537638454
-0.644704967442
-0.564177419868
-0.463795324378
-0.345029490124
-0.211281517386
-0.0677808968309
0.0789440876709
0.221918163557
0.354685229399
0.472141843889
0.571035817174
0.650035965804
0.709405129469
0.750405805429
0.774610808972
0.783282351321
0.776942136642
0.755204914272
0.716900842355
0.660468168518
0.584551398818
0.488689957615
0.373938792111
0.24324688207
0.101453855843
-0.0451452530769
-0.189592780972
-0.325230058765
-0.44658240814
-0.549948007441
-0.633568233591
-0.697383558698
-0.742486245789
-0.770437412805
-0.782617649058
-0.779744750788
-0.76164255928
-0.727296684124
-0.675188750841
-0.603855491545
-0.512569275639
-0.401989990513
-0.274614046579
-0.134867686591
0.0112304017587
0.156792515782
0.295005568988
0.420055573838
0.52780012926
0.616039659087
0.684362350504
0.733653088045
0.765426100951
0.781154292904
0.781739080057
0.767216400913
0.736745359628
0.688881203589
0.622089817645
0.535412031185
0.429137287517
0.305314743805
0.167939082962
0.0227133507626
-0.123596076493
-0.264072010191
-0.39259765956
-0.504604604687
-0.597443641129
-0.670323784155
-0.723886207238
-0.759561878451
-0.778887347929
-0.78293178529
-0.771942613781
-0.745267163035
-0.701562117708
-0.639258533341
-0.557202363228
-0.45534057406
-0.33528541657
-0.200587314038
-0.0565986677271
0.0900851316808
0.232494574452
0.36425070721
0.480379093873
0.577777344418
0.655251926788
0.713165293951
0.752828016054
0.775809288868
0.783326903976
0.775835543836
0.752882063296
0.713249711505
0.655369417551
0.577929563925
0.480565470366
0.364467557239
0.232734798907
0.0903386595321
-0.0563437220024
-0.200343034335
-0.33506241794
-0.455146709442
-0.557042103551
-0.639133107392
-0.701470285179
-0.745206353935
-0.771910127306
-0.782925782628
-0.778907455484
-0.759609305229
-0.723963358995
-0.670433433135
-0.597587793868
-0.504783298048
-0.392807980607
-0.264307637432
-0.123847545743
0.0224576386938
0.167691319579
0.305086017917
0.428936172482
0.535243793443
0.621956385411
0.688781813868
0.736677640396
0.767177582302
0.78172705431
0.78116831916
0.765467039101
0.733723126702
0.684464269916
0.616175751321
0.527970986232
0.420259027759
0.295236090063
0.157041301294
0.0114862227824
-0.13461703688
-0.27438005394
-0.401781905928
-0.512393159772
-0.603714007616
-0.675081672208
-0.727221902509
-0.761597293129
-0.779726661455
-0.782625641027
-0.770471982181
-0.742549324238
-0.697477876007
-0.633696301512
-0.550110915118
-0.446778699775
-0.325455000697
-0.189838277765
-0.0454005248318
0.101200938767
0.243008120036
0.373724061956
0.488506103353
0.584401846695
0.660353283318
0.716818845234
0.755153072454
0.77691792382
0.783284336123
0.774639115302
0.750462073591
0.709491983811
0.650156072379
0.571190701175
0.472330721279
0.354904157662
0.22215979109
0.0791981561367
-0.0675263484817
-0.211038517357
-0.344808480922
-0.463603912789
-0.56401981497
-0.644582175656
-0.70544827511
-0.747827197886
-0.773291651076
-0.783146645904
-0.777981417028
-0.757480901615
-0.720525636811
-0.665565023289
-0.591202928888
-0.496884534956
-0.383528588993
-0.253930667713
-0.112792896832
0.0336785486372
0.178543850836
0.315086580392
0.437713440282
0.542572246655
0.627756454095
0.693090544137
0.739600739417
0.768836299187
0.782212100799
0.780509637636
0.763624359774
0.73059872296
0.679935993362
0.610144834561
0.520415229171
0.411278789307
0.285079741958
0.146100070964
0.00025585789979
-0.145600567176
-0.284615173898
-0.410867216144
-0.520068242218
-0.609867261393
-0.679727009087
-0.730453919861
-0.763538169387
-0.780477528045
-0.782232114721
-0.768909674769
-0.739731520142
-0.693284235955
-0.628017948137
-0.5429034018
-0.438110876771
-0.315540298336
-0.179037176995
-0.0341896059308
0.11228843985
0.253456220167
0.38310349834
0.496521968641
0.590909223555
0.665340501038
0.720366504964
0.757381648186
0.777937104751
0.783154631842
0.773352433202
0.74794425875
0.70562694573
0.644827699315
0.564334964218
0.463986679792
0.345250453478
0.211524487541
0.0680354352986
-0.0786900077103
-0.221676504759
-0.354466254287
-0.471952909785
-0.570880872516
-0.649915799522
-0.709318219424
-0.750349486489
-0.774582455797
-0.783280321297
-0.776966303043
-0.755256706026
-0.716982784525
-0.660582994485
-0.58470089015
-0.48887375418
-0.374153473499
-0.243485610105
-0.10170675819
0.0448899747279
0.189347257189
0.325005073111
0.446386061529
0.549785039528
0.633440105398
0.697289184603
0.742423115451
0.770402795844
0.782609611738
0.779762794221
0.761687776373
0.727371411939
0.675295771065
0.603996914691
0.512745332603
0.402198023729
0.27484800134
0.135118316838
-0.0109745790924
-0.156543707754
-0.294775007614
-0.419852067004
-0.527629212756
-0.615903506204
-0.684260373296
-0.733582996353
-0.765385114365
-0.781140221016
-0.781751060283
-0.767255171386
-0.736813026215
-0.688980535846
-0.622223189335
-0.535580209124
-0.429338348904
-0.305543428204
-0.168186822294
-0.0229690595101
0.123344589367
0.263836346356
0.392387287989
0.504425852798
0.597299427577
0.670214076473
0.72380900129
0.759514402285
0.778867194314
0.782937742662
0.771975052936
0.745327920626
0.701653893811
0.639383899189
0.557362562495
0.455534383077
0.335508370387
0.200831565281
0.056853605192
-0.0898315907306
-0.232254317368
-0.364033809366
-0.480192660162
-0.577625064173
-0.655134376545
-0.713080821065
-0.752773918389
-0.775782987271
-0.783326858762
-0.775861752181
-0.752936060124
-0.713334073735
-0.655486848838
-0.578081722692
-0.480751789631
-0.364684359432
-0.232974990701
-0.0905921742482
0.0560887680549
0.200098726204
0.334839374518
0.454952789237
0.556881783468
0.639007621338
0.701378396214
0.745145493317
0.771877593504
0.782919734674
0.778927516983
0.759656682625
0.72404045657
0.67054302342
0.597731885796
0.50496193287
0.393018251109
0.26454322805
0.124098997082
-0.0222019233411
-0.167443532178
-0.304857250566
-0.428735003815
-0.535075495905
-0.62182289263
-0.688682366676
-0.73660986851
-0.767138715548
-0.781714983041
-0.781182299787
-0.765507928819
-0.733793112333
-0.684566131541
-0.616311782907
-0.528141783665
-0.42046242875
-0.295466570813
-0.157290064254
-0.0117420421259
0.134366367743
0.274146023452
0.401573769993
0.512216985011
0.603572462904
0.67497453516
0.727147067085
0.761551977914
0.77970852622
0.782633587646
0.770506503979
0.742612350805
0.697572136538
0.633824309165
0.550273762555
0.44697493642
0.325679898881
0.190083747534
0.0456557899555
-0.100948007001
-0.242769324034
-0.373509283055
-0.488322191404
-0.584252233782
-0.660238338878
-0.716736793157
-0.755101180563
-0.776893664573
-0.783286275702
-0.774667374792
-0.750518290982
-0.70957878246
-0.650276119254
-0.571345524516
-0.472519541944
-0.355123039054
-0.222401387329
-0.0794522130707
0.0672717902878
0.210795487487
0.344587425895
0.463412445038
0.563862149525
0.644459323953
0.70535885569
0.747768590734
0.773261189393
0.783142585061
0.778003503821
0.757530453752
0.720605120886
0.665677195957
0.591349690332
0.497065730909
0.383741059805
0.254167838491
0.113045100824
-0.0334230125881
-0.178297149493
-0.314859657513
-0.437514640558
-0.542406579035
-0.627625616443
-0.692993612525
-0.739535270647
-0.768799539608
-0.782202025694
-0.780525623799
-0.763667381862
-0.730671044391
-0.680040398345
-0.610283530055
-0.52058863379
-0.411484497634
-0.285311967305
-0.146349791325
-0.000511715762153
0.14535078382
0.28438283124
0.410661351341
0.519894659897
0.609728383715
0.679622429782
0.730381438177
0.763495001072
0.780461404609
0.782242053543
0.768946290784
0.739796832114
0.693380996177
0.628148604532
0.543068889315
0.438309513507
0.31576709335
0.179283801745
0.0344451271007
-0.112036186933
-0.253218943458
-0.382890878538
-0.496340598297
-0.590762279666
-0.665228151443
-0.720286857175
-0.75733194688
-0.777914879259
-0.78315855694
-0.773382753656
-0.748002712478
-0.705716196947
-0.644950371281
-0.564492448017
-0.464177979019
-0.345471370961
-0.211767427789
-0.0682899638479
0.0784359162912
0.221434814728
0.35424723235
0.47176391898
0.570725867201
0.64979557353
0.709231253667
0.750293116761
0.774554055772
0.78327824605
0.776990423028
0.755308447723
0.717064671756
0.660697761224
0.58485032069
0.489057493038
0.374368106099
0.243724304111
0.101959645773
-0.0446346898221
-0.189101706449
-0.324780043759
-0.446189659956
-0.549622011383
-0.633311916929
-0.697194753714
-0.742359933213
-0.770368131292
-0.782601529064
-0.779780791759
-0.761732944416
-0.727446085963
-0.675402732888
-0.604138277056
-0.512921330657
-0.402406005557
-0.275081918194
-0.135368927588
0.0107187548209
0.156294877242
0.294544405967
0.419648507273
0.527458236728
0.61576729267
0.684158338287
0.733512851617
0.765344079334
0.781126103494
0.781762994991
0.767293893728
0.736880640166
0.689079810647
0.622356500482
0.535748327255
0.429539356628
0.305772071086
0.168434537542
0.0232247648989
-0.123093084401
-0.263600645955
-0.392176865912
-0.504247042387
-0.597155153213
-0.670104310081
-0.723731741143
-0.759466876721
-0.778846994635
-0.782943654744
-0.772007444775
-0.745388626716
-0.701745613496
-0.639509204941
-0.557522701349
-0.455728136481
-0.335731279365
-0.201075788032
-0.05710853436
0.089578036718
0.232014027686
0.363816863729
0.480006169245
0.577472723192
0.655016766815
0.712996292837
0.752719770295
0.775756639042
0.783326768334
0.775887913907
0.752990006545
0.71341838065
0.655604220654
0.578233820717
0.480938051656
0.364901113767
0.233215149805
0.0908456757925
-0.0558338059216
-0.199854389678
-0.334616286331
-0.45475881346
-0.556721402982
-0.638882075176
-0.701286450807
-0.745084581174
-0.771845012369
-0.782913641427
-0.778947532429
-0.759704010646
-0.724117499972
-0.670652555015
-0.597875916912
-0.505140509145
-0.393228471049
-0.264778782015
-0.124350430475
0.0219462047418
0.167195720795
0.304628441776
0.428533781533
0.534907138574
0.621689339299
0.688582862006
0.736542043961
0.767099800644
0.781702866248
0.781196234787
0.765548770113
0.733863044946
0.684667935385
0.616447753849
0.528312521554
0.420665776795
0.295697011209
0.157538804629
0.011997859752
-0.134115679212
-0.273911955142
-0.401365582725
-0.512040751362
-0.603430857407
-0.67486733969
-0.727072177843
-0.761506613627
-0.779690345079
-0.782641488917
-0.770540978204
-0.742675325499
-0.697666340298
-0.633952256552
-0.550436549747
-0.447171118061
-0.325904753293
-0.190329190247
-0.0459110484109
0.100695060578
0.242530494094
0.373294455428
0.48813822178
0.584102560079
0.660123335194
0.716654686112
0.755049238591
0.776869358895
0.783288170059
0.774695587446
0.750574457611
0.709665525422
0.650396106433
0.571500287195
0.472708305871
0.355341873554
0.22264295224
0.0797062584366
-0.0670172222861
-0.210552427806
-0.344366325066
-0.463220921138
-0.563704423538
-0.644336412328
-0.705269380186
-0.747709932423
-0.773230680622
-0.783138478969
-0.77802554439
-0.757579956182
-0.720684550407
-0.665789309662
-0.591496390961
-0.497246868712
-0.383953480913
-0.2544049739
-0.113297288436
0.0331674716539
0.178050422686
0.314632692061
0.437315786535
0.542240851389
0.627494718365
0.692896623769
0.739469749593
0.768762732161
0.782191905158
0.780541564209
0.763710355221
0.730743312423
0.680144745234
0.610422164824
0.520761979161
0.411690153766
0.285544153494
0.146599490618
0.000767573549667
-0.145100979534
-0.284150449534
-0.410455434415
-0.519721018357
-0.609589445306
-0.679517792354
-0.730308903058
-0.763451784002
-0.78044523541
-0.782251946941
-0.768982858957
-0.739862091836
-0.693477699286
-0.628279200514
-0.543234316784
-0.438508095882
-0.31599384569
-0.179530400897
-0.0347006432363
0.111783917779
0.252981631498
0.382678209112
0.496159169842
0.590615274962
0.665115742861
0.720207154798
0.757282195835
0.777892607525
0.783162436791
0.773413027044
0.748061115082
0.705805392112
0.645072983342
0.564649871262
0.464369222046
0.345692242549
0.2120103381
0.068544482442
-0.0781818134506
-0.221193093496
-0.354028163609
-0.471574871484
-0.570570801233
-0.649675287823
-0.709144232191
-0.750236696238
-0.77452560889
-0.783276125579
-0.777014496601
-0.755360139371
-0.717146504054
-0.660812468741
-0.584999690437
-0.489241174178
-0.37458268989
-0.243962964059
-0.102212518555
0.0443793983967
0.188856128785
0.324554970734
0.445993203436
0.54945892301
0.633183668181
0.697100266023
0.742296699069
0.770333419144
0.782593401037
0.779798743405
0.761778063416
0.727520706204
0.675509636317
0.60427957864
0.513097269791
0.40261393598
0.275315797114
0.135619518805
-0.0104629289815
-0.156046024283
-0.294313764076
-0.419444894663
-0.52728720118
-0.615631018482
-0.684056245467
-0.733442653828
-0.765302995851
-0.781111940334
-0.781774884183
-0.767332567947
-0.736948201488
-0.689179027999
-0.622489751091
-0.535916385571
-0.429740310673
-0.306000672427
-0.168682228671
-0.0234804668917
0.122841561632
0.263364909018
0.391966393349
0.504068173464
0.597010818036
0.669994484975
0.723654426787
0.759419301753
0.778826748889
0.782949521538
0.772039789304
0.745449281314
0.70183727677
0.639634450601
0.557682779787
0.455921834258
0.335954143481
0.201319982257
0.0573634551942
-0.0893244696795
-0.231773705437
-0.363599870321
-0.479819621132
-0.577320321475
-0.654899097594
-0.71291170926
-0.752665571761
-0.775730244175
-0.783326632692
-0.775914029019
-0.753043902569
-0.713502632257
-0.655721533006
-0.578385858001
-0.48112425643
-0.365117820223
-0.233455276187
-0.0910991641289
0.0555788356396
0.19961002479
0.334393153401
0.454564782122
0.556560962098
0.638756468901
0.701194448948
0.745023617495
0.771812383896
0.782907502886
0.778967501827
0.759751289301
0.724194489209
0.670762027927
0.598019887217
0.505319026864
0.393438640406
0.2650142993
0.124601845887
-0.0216904829333
-0.166947885462
-0.304399591576
-0.428332505652
-0.534738721459
-0.621555725416
-0.688483299849
-0.736474166741
-0.767060837583
-0.781690703927
-0.781210124162
-0.76558956299
-0.73393292455
-0.684769681457
-0.616583664148
-0.528483199892
-0.420869071877
-0.295927411226
-0.157787522384
-0.0122536756232
0.133864971325
0.273677849038
0.401157344143
0.511864458834
0.603289191126
0.674760085792
0.726997234775
0.761461200262
0.779672118028
0.782649344842
0.770575404863
0.742738248329
0.697760487296
0.634080143677
0.550599276691
0.447367244682
0.326129563909
0.190574605871
0.0461663001607
-0.100442099536
-0.242291630246
-0.373079579096
-0.487954194489
-0.583952825588
-0.660008272258
-0.716572524093
-0.75499724653
-0.776845006784
-0.783290019195
-0.77472375327
-0.750630573486
-0.709752212706
-0.650516033921
-0.57165498921
-0.472897013049
-0.355560661137
-0.222884485793
-0.0799602921975
0.0667626445135
0.210309338347
0.344145178458
0.463029341102
0.563546637011
0.644213440777
0.705179848589
0.747651222947
0.773200124758
0.783134327627
0.778047538737
0.757629408912
0.720763925383
0.66590136441
0.591643030773
0.497427948356
0.384165852298
0.25464207391
0.113549459632
-0.0329119258717
-0.177803670449
-0.314405684064
-0.437116878228
-0.542075063724
-0.627363759858
-0.692799577861
-0.739404176247
-0.76872587684
-0.782181739189
-0.780557458872
-0.763753279859
-0.730815527064
-0.680249034036
-0.610560738869
-0.520935265276
-0.411895757686
-0.285776300496
-0.146849168809
-0.00102343122489
0.144851154355
0.283918028807
0.410249465383
0.519547317605
0.609450446165
0.679413096798
0.730236314495
0.763408518167
0.780429020444
0.782261794917
0.769019379293
0.739927299318
0.693574345288
0.628409736087
0.543399684204
0.438706623883
0.316220555332
0.179776974417
0.0349561543003
-0.111531632424
-0.252744284316
-0.382465490083
-0.495977683285
-0.590468209444
-0.665003275286
-0.720127397823
-0.757232395045
-0.777870289547
-0.783166271396
-0.773443253372
-0.748119466569
-0.705894531234
-0.645195535505
-0.564807233949
-0.46456040886
-0.34591306822
-0.21225321844
-0.0687989910441
0.0779276992249
0.220951341094
0.353809048086
0.471385767311
0.570415674614
0.649554942395
0.709057154987
0.750180224912
0.774497115148
0.783273959884
0.777038523766
0.755411780977
0.717228281428
0.660927117041
0.585148999391
0.489424797591
0.374797224851
0.244201589917
0.102465376502
-0.0441241004887
-0.188610524229
-0.32432985406
-0.445796691983
-0.549295774414
-0.633055359149
-0.697005721522
-0.742233413009
-0.770298659393
-0.782585227653
-0.779816649161
-0.761823133382
-0.727595272671
-0.675616481357
-0.604420819444
-0.513273149999
-0.402821814978
-0.275549638071
-0.135870090453
0.0102071016117
0.15579714891
0.294083081966
0.419241229191
0.52711610612
0.615494683639
0.683954094831
0.733372402978
0.765261863911
0.781097731534
0.781786727862
0.767371194048
0.737015710191
0.68927818791
0.622622941163
0.536084384068
0.429941211022
0.306229232199
0.168929895647
0.0237361654512
-0.122590021093
-0.263129135574
-0.391755870319
-0.503889246037
-0.596866422046
-0.669884601147
-0.723577058215
-0.759371677374
-0.778806457071
-0.782955343045
-0.772072086529
-0.745509884428
-0.701928883642
-0.639759636173
-0.557842797805
-0.456115476395
-0.336176962711
-0.201564147925
-0.0576183676576
0.0890708896513
0.23153335065
0.363382829163
0.479633015835
0.577167859025
0.654781368875
0.712827070325
0.752611322781
0.775703802665
0.783326451835
0.775940097523
0.753097748202
0.713586828567
0.655838785898
0.57853783454
0.481310403942
0.365334478778
0.233695369818
0.0913526392207
-0.055323857246
-0.199365631571
-0.334169975753
-0.454370695239
-0.556400460818
-0.638630802509
-0.701102390631
-0.744962602274
-0.77177970808
-0.782901319049
-0.778987425179
-0.759798518596
-0.72427142429
-0.670871442163
-0.598163796712
-0.505497486019
-0.393648759162
-0.265249779875
-0.12485324328
0.021434757953
0.166700026214
0.304170699991
0.428131176186
0.534570244563
0.621422050978
0.688383680199
0.736406236841
0.767021826359
0.781678496076
0.781223967917
0.765630307457
0.734002751153
0.684871369762
0.616719513805
0.528653818673
0.421072313979
0.296157770837
0.158036217484
0.0125094897022
-0.133614244116
-0.27344370517
-0.400949054266
-0.511688107435
-0.603147464058
-0.674652773459
-0.726922237873
-0.761415737809
-0.779653845065
-0.782657155421
-0.770609783961
-0.742801119302
-0.697854577539
-0.634207970545
-0.550761943382
-0.447563316271
-0.326354330703
-0.190819994373
-0.0464215451678
0.100189123911
0.24205273252
0.372864654081
0.487770109543
0.58380303031
0.659893150067
0.71649030709
0.754945204374
0.776820608234
0.783291823109
0.774751872269
0.750686638614
0.709838844322
0.650635901723
0.571809630558
0.473085663466
0.355779401783
0.223125987957
0.0802143143168
-0.0665080570068
-0.210066219141
-0.343923986095
-0.462837704941
-0.563388789947
-0.644090409296
-0.705090260892
-0.747592462296
-0.773169521796
-0.783130131032
-0.778069486869
-0.75767881195
-0.720843245822
-0.666013360207
-0.59178960977
-0.497608969832
-0.384378173939
-0.254879138491
-0.113801614377
0.032656375279
0.177556892815
0.314178633547
0.436917915651
0.541909216043
0.62723274092
0.692702474792
0.739338550601
0.768688973639
0.782171527785
0.780573307789
0.763796155783
0.730887688322
0.680353264759
0.610699252193
0.521108492129
0.412101309378
0.286008408284
0.147098825861
0.0012792887504
-0.144601308316
-0.283685569087
-0.410043444262
-0.519373557648
-0.60931138629
-0.679308343106
-0.730163672481
-0.763365203562
-0.780412759709
-0.782271597474
-0.7690558518
-0.739992454568
-0.693670934192
-0.628540211252
-0.54356499157
-0.438905097494
-0.31644722225
-0.180023522273
-0.0352116602554
0.111279330904
0.252506901943
0.382252721471
0.495796138636
0.590321083112
0.66489074871
0.720047586243
0.7571825445
0.777847925319
0.783170060756
0.773473432645
0.748177766948
0.705983614321
0.645318027773
0.564964536077
0.46475153945
0.34613384795
0.212496068779
0.0690534896172
-0.0776735736509
-0.220709557554
-0.353589885805
-0.471196606471
-0.570260487346
-0.649434537241
-0.708970022047
-0.750123702774
-0.77446857454
-0.783271748966
-0.777062504528
-0.75546337255
-0.717310003887
-0.661041706131
-0.58529824755
-0.489608363266
-0.375011710962
-0.244440181656
-0.102718219576
0.0438687961355
0.188364892816
0.324104693762
0.445600125612
0.549132565599
0.632926989832
0.696911120203
0.742170075024
0.770263852033
0.782577008912
0.779834509032
0.761868154319
0.727669785373
0.675723268015
0.60456199947
0.513448971273
0.403029642534
0.275783441037
0.136120642498
-0.00995127274897
-0.155548251157
-0.293852359665
-0.419037510873
-0.526944951554
-0.615358288138
-0.683851886372
-0.733302099058
-0.765220683506
-0.781083477091
-0.78179852603
-0.767409772038
-0.737083166283
-0.689377290387
-0.622756070701
-0.53625232274
-0.430142057661
-0.306457750377
-0.169177538436
-0.0239918605399
0.122338462821
0.262893325651
0.391545296841
0.503710260116
0.596721965242
0.669774658592
0.723499635417
0.759324003575
0.778786119178
0.782961119265
0.772104336456
0.745570436066
0.70202043412
0.63988476166
0.558002755399
0.456309062877
0.336399737031
0.201808285003
0.057873271713
-0.0888172966701
-0.231292963358
-0.363165740278
-0.479446353365
-0.577015335843
-0.654663580655
-0.712742376024
-0.752557023347
-0.775677314507
-0.783326225765
-0.775966119421
-0.753151543453
-0.713670969586
-0.655955979336
-0.578689750333
-0.481496494182
-0.36555108941
-0.233935430665
-0.0916061010317
0.0550688707778
0.199121210055
0.33394675341
0.454176552823
0.556239899147
0.638505075997
0.701010275847
0.744901535502
0.771746984913
0.782895089916
0.77900730249
0.75984569854
0.724348305224
0.670980797728
0.598307645396
0.5056758866
0.393858827298
0.265485223711
0.125104622621
-0.0211790298382
-0.166452143085
-0.303941767047
-0.427929793153
-0.534401707893
-0.621288315983
-0.688284003047
-0.736338254252
-0.766982766964
-0.781666242694
-0.781237766053
-0.765671003521
-0.734072524765
-0.684973000308
-0.616855302824
-0.52882437789
-0.421275503083
-0.296388090015
-0.158284889895
-0.0127653019514
0.13336349762
0.273209523565
0.400740713112
0.511511697173
0.603005676202
0.674545402684
0.726847187127
0.761370226263
0.779635526185
0.782664920656
0.770644115504
0.742863938428
0.697948611036
0.634335737159
0.550924549816
0.447759332813
0.326579053652
0.19106535572
0.0466767833951
-0.0999361337385
-0.241813800947
-0.372649680403
-0.487585966951
-0.583653174244
-0.659777968614
-0.716408035094
-0.754893112113
-0.776796163241
-0.783293581803
-0.774779944447
-0.750742653005
-0.709925420276
-0.650755709843
-0.571964211238
-0.47327425711
-0.355998095468
-0.2233674587
-0.080468324758
0.0662534598029
0.209823070222
0.343702748
0.46264601267
0.563230882349
0.64396731788
0.705000617085
0.747533650461
0.773138871731
0.783125889186
0.778091388788
0.757728165304
0.720922511733
0.666125297059
0.591936127951
0.497789933131
0.384590445817
0.255116167615
0.114053752634
-0.032400819913
-0.177310089817
-0.313951540535
-0.436718898822
-0.541743308352
-0.627101661548
-0.692605314554
-0.739272872645
-0.768652022552
-0.782161270943
-0.780589110963
-0.763838983
-0.730959796206
-0.680457437409
-0.610837704796
-0.521281659713
-0.412306808823
-0.286240476832
-0.147348461742
-0.00153514608879
0.144351441453
0.283453070402
0.409837371071
0.519199738493
0.609172265679
0.679203531272
0.730090977005
0.76332184018
0.7803964532
0.782281354612
0.769092276484
0.740057557595
0.693767466005
0.628670626015
0.543730238875
0.4391035167
0.316673846418
0.18027004443
0.0354671610644
-0.111027013255
-0.252269484407
-0.382039903296
-0.495614535904
-0.590173895967
-0.66477816313
-0.719967720048
-0.757132644195
-0.777825514837
-0.783173804871
-0.773503564869
-0.748236016228
-0.706072641382
-0.645440460152
-0.565121777643
-0.464942613801
-0.346354581716
-0.212738889084
-0.0693079781245
0.0774194367653
0.220467742907
0.353370676788
0.471007388978
0.570105239431
0.649314072358
0.708882833362
0.750067129816
0.774439987061
0.783269492822
0.777086438892
0.755514914098
0.717391671441
0.661156236016
0.585447434914
0.489791871193
0.375226148202
0.244678739246
0.102971047741
-0.0436134853741
-0.188119234577
-0.323879489866
-0.445403504336
-0.54896929657
-0.632798560224
-0.696816462058
-0.742106685107
-0.770228997059
-0.782568744812
-0.779852323021
-0.761913126235
-0.727744244319
-0.675829996299
-0.604703118719
-0.513624733604
-0.403237418629
-0.276017205984
-0.136371174905
0.00969544243058
0.15529933106
0.2936215972
0.418833739726
0.526773737488
0.615221831978
0.68374962008
0.73323174206
0.765179454629
0.781069177002
0.781810278689
0.767448301924
0.737150569774
0.689476335439
0.622889139708
0.536420201581
0.430342850572
0.306686226934
0.169425157005
0.0242475521205
-0.122086886852
-0.262657479279
-0.391334672935
-0.503531215709
-0.596577447624
-0.669664657303
-0.723422158385
-0.759276280349
-0.778765735206
-0.782966850201
-0.772136539091
-0.745630936238
-0.702111928211
-0.640009827067
-0.558162652566
-0.456502593692
-0.336622466417
-0.202052393458
-0.0581281673235
0.0885636907722
0.231052543591
0.362948603685
0.479259633733
0.576862751931
0.654545732927
0.712657626348
0.75250267345
0.775650779698
0.783325954481
0.775992094721
0.753205288329
0.713755055323
0.656073113324
0.57884160538
0.481682527138
0.365767652098
0.234175458698
0.0918595495254
-0.054813876272
-0.198876760274
-0.333723486396
-0.453982354889
-0.556079277087
-0.63837928936
-0.700918104587
-0.744840417169
-0.771714214391
-0.782888815486
-0.779027133763
-0.759892829139
-0.724425132019
-0.671090094629
-0.59845143327
-0.505854228601
-0.394068844793
-0.265720630779
-0.125355983874
0.0209232986264
0.166204236109
0.30371279277
0.427728356569
0.534233111455
0.621154520428
0.688184268387
0.736270218965
0.766943659393
0.781653943777
0.781251518572
0.765711651187
0.734142245394
0.685074573103
0.616991031206
0.528994877537
0.421478639175
0.296618368732
0.158533539583
0.0130211123334
-0.133112731873
-0.272975304252
-0.4005323207
-0.511335228056
-0.602863827559
-0.674437973461
-0.726772082528
-0.761324665616
-0.779617161386
-0.782672640549
-0.770678399499
-0.742926705715
-0.698042587794
-0.634463443522
-0.551087095989
-0.447955294293
-0.32680373273
-0.191310689879
-0.0469320148054
0.0996831290552
0.241574835557
0.372434658082
0.487401766725
0.583503257394
0.659662727893
0.716325708099
0.75484096974
0.7767716718
0.783295295276
0.774807969812
0.750798616666
0.710011940578
0.650875458288
0.572118731247
0.47346279397
0.356216742171
0.22360889799
0.0807223234844
-0.0659988529387
-0.20957989162
-0.343481464196
-0.462454264301
-0.563072914219
-0.643844166525
-0.704910917162
-0.747474787436
-0.773108174556
-0.783121602087
-0.778113244498
-0.757777468981
-0.721001723125
-0.666237174972
-0.592082585316
-0.497970838242
-0.384802667912
-0.255353161251
-0.114305874367
0.032145259811
0.17706326149
0.313724405053
0.436519827753
0.541577340655
0.626970521738
0.692508097142
0.739207142371
0.768615023571
0.782150968662
0.780604868398
0.763881761517
0.731031850725
0.680561551993
0.610976096681
0.52145476802
0.412512256004
0.28647250611
0.147598076416
0.00179100320263
-0.1441015538
-0.283220532779
-0.409631245827
-0.519025860147
-0.609033084331
-0.679098661288
-0.730018228059
-0.763278428013
-0.780380100915
-0.782291066334
-0.76912865335
-0.740122608408
-0.693863940734
-0.628800980376
-0.543895426116
-0.439301881486
-0.316900427813
-0.180516540856
-0.0357226566901
0.110774679513
0.252032031739
0.381827035578
0.495432875098
0.590026648008
0.664665518537
0.71988779923
0.75708269412
0.777803058098
0.783177503743
0.773533650048
0.748294214416
0.706161612425
0.645562832645
0.565278958643
0.465133631902
0.346575269495
0.212981679324
0.0695624565294
-0.0771652886046
-0.220225897184
-0.353151421057
-0.470818114842
-0.569949930871
-0.649193547739
-0.708795588924
-0.750010506031
-0.774411352706
-0.783267191453
-0.777110326861
-0.755566405628
-0.717473284096
-0.661270706702
-0.585596561482
-0.489975321362
-0.37544053655
-0.244917262657
-0.103223860962
0.0433581682418
0.187873549546
0.323654242396
0.445206828171
0.548805967329
0.632670070322
0.69672174708
0.742043243249
0.770194094463
0.78256043535
0.779870091131
0.761958049137
0.727818649517
0.675936666215
0.604844177191
0.513800436985
0.403445143244
0.276250932884
0.136621687639
-0.00943961069402
-0.155050388652
-0.293390794597
-0.418629915767
-0.52660246393
-0.615085315157
-0.683647295951
-0.733161331974
-0.765138177273
-0.781054831266
-0.781821985841
-0.767486783712
-0.737217920671
-0.689575323071
-0.623022148186
-0.536588020586
-0.43054358974
-0.306914661846
-0.169672751319
-0.0245032401557
0.121835293221
0.262421596486
0.39112399862
0.503352112824
0.596432869192
0.669554597273
0.72334462711
0.759228507689
0.778745305151
0.782972535853
0.772168694438
0.745691384951
0.702203365925
0.640134832398
0.558322489303
0.456696068826
0.336845150846
0.202296473259
0.0583830544521
-0.0883100719941
-0.23081209138
-0.362731419409
-0.47907285695
-0.576710107289
-0.654427825686
-0.712572821288
-0.752448273082
-0.775624198231
-0.783325637982
-0.776018023425
-0.75325898284
-0.713839085788
-0.656190187869
-0.578993399678
-0.481868502799
-0.365984166821
-0.234415453886
-0.0921129846655
0.0545588737656
0.19863228226
0.333500174737
0.453788101449
0.555918594643
0.638253442594
0.700825876845
0.744779247269
0.771681396507
0.782882495756
0.779046919002
0.759939910401
0.724501904684
0.671199332873
0.598595160335
0.506032512011
0.39427881163
0.265956001051
0.125607327002
-0.0206675643548
-0.16595630532
-0.303483777187
-0.427526866449
-0.534064455254
-0.621020664311
-0.688084476211
-0.736202130973
-0.766904503639
-0.781641599324
-0.781265225478
-0.765752250464
-0.734211913049
-0.685176088154
-0.617126698954
-0.529165317609
-0.421681722237
-0.296848606963
-0.158782166514
-0.013276920811
0.132861946909
0.272741047259
0.400323877048
0.511158700092
0.602721918127
0.674330485782
0.726696924069
0.761279055861
0.779598750663
0.782680315102
0.770712635951
0.742989421172
0.698136507822
0.634591089639
0.551249581896
0.448151200697
0.327028367913
0.191555996816
0.0471872393615
-0.0994301098972
-0.24133583638
-0.372219587141
-0.487217508874
-0.583353279758
-0.659547427898
-0.716243326093
-0.754788777246
-0.776747133907
-0.783296963529
-0.774835948366
-0.750854529605
-0.710098405236
-0.650995147062
-0.572273190584
-0.473651274033
-0.35643534187
-0.223850305797
-0.0809763104593
0.0657442364511
0.209336683368
0.343260134707
0.462262459847
0.562914885561
0.643720955225
0.704821161112
0.747415873211
0.773077430266
0.783117269734
0.778135054004
0.757826722988
0.721080880006
0.666348993952
0.592228981864
0.498151685158
0.385014840203
0.25559011937
0.114557979541
-0.0318896950104
-0.176816407866
-0.313497227128
-0.436320702462
-0.541411312958
-0.626839321487
-0.692410822545
-0.739141359771
-0.768577976692
-0.78214062094
-0.780620580096
-0.763924491341
-0.731103851887
-0.680665608519
-0.611114427848
-0.521627817043
-0.412717650903
-0.286704496092
-0.147847669847
