0.0
0.14637243887
0.288847310245
0.423630830052
0.54713401754
0.656068261733
0.747532889714
0.819092404995
0.868841339286
0.895454990816
0.898224698145
0.877076710223
0.832574150209
0.765902020776
0.678835650165
0.573693419205
0.453275028062
0.320786946552
0.179757033089
0.0339405957795
-0.112779602948
-0.256496735538
-0.393383939308
-0.519796217152
-0.632367495589
-0.728100255693
-0.804445350256
-0.85936988182
-0.891411334145
-0.899716515715
-0.8840642783
-0.844871405636
-0.783181515412
-0.70063727009
-0.599436636515
-0.482274359016
-0.352270204456
-0.212885889883
-0.067832904822
0.0790263173071
0.223781247071
0.362577387591
0.491718911087
0.60776707043
0.707631765206
0.788653824119
0.848675812712
0.886099480976
0.89992832114
0.889794102418
0.85596667617
0.799346790365
0.721442104696
0.624327045011
0.510587566034
0.383252293233
0.245711877362
0.101628709087
-0.0451606022023
-0.190747388641
-0.331255002886
-0.462942044476
-0.582301984883
-0.686156538445
-0.771740292934
-0.836774346244
-0.879526988399
-0.898859813088
-0.894258030848
-0.86584417675
-0.814374847559
-0.74122055528
-0.648329233511
-0.538174368375
-0.413689135168
-0.278188294525
-0.135279927831
0.0112306378388
0.157442156985
0.299461347042
0.4335065577
0.556008467714
0.663705127867
0.753728819309
0.823682414437
0.871703206991
0.896512511708
0.897449712832
0.874489854813
0.82824430682
0.75994448336
0.671409054489
0.56499551874
0.443537428256
0.310268937697
0.168738686007
0.0227153041717
-0.123912934916
-0.267241652379
-0.403454328152
-0.528923926285
-0.640309474731
-0.734645027874
-0.809418642973
-0.862639267519
-0.892889756469
-0.899364607615
-0.881891410295
-0.840935436294
-0.777587250707
-0.693533672658
-0.591012859113
-0.472754707814
-0.341908166267
-0.201957382383
-0.0566289294861
0.0902074239177
0.234641757338
0.372828110652
0.501086893336
0.616002863655
0.714516068833
0.794003324689
0.852348065105
0.887996701405
0.899999990908
0.888038313122
0.852430180514
0.794123757241
0.714671611681
0.616189375045
0.50129940689
0.373060967615
0.234888757255
0.0904619897379
-0.0563735762754
-0.201708041261
-0.341671476625
-0.472536972162
-0.590819875261
-0.693370579329
-0.777458390708
-0.840844240876
-0.881840307787
-0.89935495876
-0.892921818194
-0.862712186094
-0.809530476741
-0.734792798953
-0.640489248312
-0.529130915403
-0.403683021154
-0.267485959688
-0.124166351179
0.0224595268573
0.168487358414
0.31002875211
0.443314780276
0.56479633698
0.671238642709
0.759807379241
0.828144161135
0.874429334216
0.897430428849
0.896534977828
0.871766824992
0.823785490316
0.753868608387
0.663877907877
0.556209637915
0.433730761384
0.29970261417
0.157694063159
0.0114864753666
-0.135026971325
-0.277944954702
-0.413461891617
-0.53796927208
-0.648151745722
-0.741075402096
-0.814265894082
-0.865774324165
-0.894229139172
-0.89887265164
-0.879581215318
-0.836868517589
-0.771871901136
-0.686322079074
-0.582497049966
-0.46316143987
-0.331492886587
-0.190997426344
-0.0454161359677
0.101374483547
0.245465729498
0.383020777408
0.510376846991
0.624142733722
0.721289108955
0.799229184103
0.855887590977
0.889755644153
0.899931513859
0.886144239666
0.848760945549
0.788777064208
0.707789830942
0.607955752878
0.491933186062
0.362811549432
0.224029060579
0.0792811837662
-0.0675777719292
-0.212637284169
-0.35203474573
-0.482058317012
-0.599245763943
-0.700476649457
-0.783055423682
-0.844783200347
-0.884016308159
-0.899710058059
-0.891446560927
-0.85944585503
-0.804560046899
-0.728250621657
-0.632549526967
-0.520005066861
-0.39361404615
-0.256741972289
-0.113033439506
0.0336849185079
0.179506323213
0.320547879909
0.453053970456
0.573496256902
0.678667633152
0.765767622966
0.832476950312
0.877019296453
0.898208599302
0.895480635574
0.868908044785
0.819198395017
0.747675341984
0.656243383069
0.547337144856
0.423856554527
0.289089621345
0.146624884398
0.000255857902582
-0.146119981511
-0.2886049758
-0.42340507134
-0.546930846005
-0.655893087374
-0.74739037703
-0.818986348775
-0.868774563569
-0.895429273688
-0.898240724396
-0.877134053108
-0.832671282818
-0.766036356687
-0.679003612316
-0.573890535142
-0.453496049034
-0.32102598727
-0.180007728438
-0.0341962703081
0.112525757274
0.256251478057
0.393153800672
0.519587325434
0.632185413103
0.727949830884
0.804330588598
0.859293839156
0.89137603532
0.899722900657
0.884112176992
0.844959542644
0.783307543846
0.700797834099
0.59962746064
0.482490362043
0.352505634712
0.213134478391
0.0680880322327
-0.0787714444611
-0.223533415478
-0.362343196447
-0.491504596373
-0.607578338862
-0.707473642281
-0.788530520293
-0.848590611287
-0.886054650673
-0.899925055689
-0.889832488772
-0.856045692186
-0.799464332024
-0.72159504213
-0.624511305842
-0.510798243812
-0.383483778084
-0.245958005367
-0.101882926414
0.0449050647871
0.190497335522
0.331017092412
0.462722611667
0.582106872739
0.685990942362
0.771608622361
0.836680107271
0.879472690397
0.898846901891
0.894286850252
0.865913959358
0.814483735219
0.741365648558
0.648506668902
0.538379421175
0.413916345284
0.278431611865
0.135532873403
-0.0109747994033
-0.157190238086
-0.299220055711
-0.433282318981
-0.555807252577
-0.663532294216
-0.753588969315
-0.823579271989
-0.871639518539
-0.896489973133
-0.897468924285
-0.874550304736
-0.828344385568
-0.760081526061
-0.671579412007
-0.565194654838
-0.44376004039
-0.310509098208
-0.168989999964
-0.0229710796503
0.123659508639
0.266997323473
0.403225602542
0.52871689442
0.640129649401
0.734497197422
0.80930674379
0.862566279227
0.892857622581
0.899374183785
0.881942441531
0.841026563748
0.777716047862
0.693696709937
0.591205795201
0.472972405258
0.342144828276
0.202206707183
0.0568842781202
-0.0899528508071
-0.234394738458
-0.372595223557
-0.500874339284
-0.61581630248
-0.714360468238
-0.793882827966
-0.852265880811
-0.887955017921
-0.899999918171
-0.888079853069
-0.85251222703
-0.794244125613
-0.714827096771
-0.616375836635
-0.501511879931
-0.373293794428
-0.235135738188
-0.090716548247
0.0561182185087
0.201458683837
0.341434759369
0.47231919832
0.590626843659
0.693207429962
0.777329467876
0.840752977502
0.881789134008
0.89934523722
0.892953807755
0.862785034946
0.809642245083
0.734940510647
0.640668970129
0.529337861758
0.403911681531
0.267730245379
0.124419757407
-0.0222037477278
-0.168236017203
-0.309788541468
-0.443092096468
-0.564597109574
-0.671068176681
-0.759670213715
-0.828043948521
-0.874368742948
-0.897411072337
-0.896557371491
-0.871830372538
-0.823888499617
-0.754008336538
-0.664050634234
-0.556410763164
-0.433954930014
-0.299943857077
-0.157945956589
-0.0117423119661
0.134774003907
0.277701592415
0.413234614651
0.537764132306
0.64797420555
0.74093018902
0.814156874798
0.865704401609
0.894200175225
0.898885417547
0.87963537115
0.8369626213
0.772003446956
0.686487564235
0.582692067972
0.463380797832
0.331730743498
0.191247448611
0.0456716660625
-0.101120249813
-0.245219561796
-0.382789230628
-0.5101660867
-0.623958371991
-0.721136054921
-0.799111513249
-0.855808436611
-0.889717113978
-0.899934633847
-0.886188926738
-0.84884600979
-0.788900240548
-0.707947839474
-0.608144386192
-0.492147421278
-0.363045681951
-0.22427685598
-0.0795360438179
0.0673226335749
0.21238866127
0.351799258553
0.481842236048
0.599054842942
0.700315972212
0.782929268666
0.844694926783
0.883968266573
0.89970352769
0.891481715663
0.859521758781
0.804674678519
0.728400928765
0.632731507224
0.520213874543
0.393844121182
0.256987188291
0.113287266929
-0.0334292385139
-0.179255598829
-0.320308787359
-0.452832876235
-0.573299048249
-0.678499561289
-0.765633163267
-0.832379683135
-0.876961811804
-0.898192427866
-0.895506207961
-0.868974680059
-0.819304318831
-0.747817733828
-0.656418451368
-0.547540227937
-0.424082244746
-0.289331909082
-0.146877318077
-0.000511715784485
0.145867512344
0.288362618031
0.423179278409
0.546727630268
0.655717860007
0.747247803942
0.818880226366
0.868707717639
0.895403484193
0.898256678051
0.877191325105
0.832768348132
0.766170630687
0.67917151959
0.574087604699
0.453717033356
0.321265002043
0.180258409238
0.034451942073
-0.112271902507
-0.256006199867
-0.392923630262
-0.519378391723
-0.632003279524
-0.727799347244
-0.804215761935
-0.859217727045
-0.891340664455
-0.899729212884
-0.884160004231
-0.845047611363
-0.783433508975
-0.70095834147
-0.599818236304
-0.482706326076
-0.352741036478
-0.213383049674
-0.0683431541405
0.078516565249
0.22328556582
0.362108976018
0.491290241936
0.607389558191
0.707315462178
0.788407152738
0.848505341279
0.886009748761
0.899921717508
0.88987080321
0.856124639016
0.799581809072
0.721747921246
0.6246955162
0.511008880307
0.383715231942
0.246204113495
0.102137135507
-0.0446495237428
-0.190247267007
-0.330779155187
-0.462503141462
-0.58191171355
-0.685825290837
-0.771476889428
-0.836585800678
-0.879418321318
-0.89883391805
-0.89431559738
-0.865983671984
-0.814592557053
-0.741510681921
-0.648684051882
-0.538584430464
-0.414143521948
-0.278674906702
-0.135785808022
0.0107189600808
0.156938306483
0.298978740198
0.433058045244
0.55560599252
0.66335940694
0.753449058417
0.823476062981
0.871575759643
0.896467362105
0.897488063205
0.874610683978
0.828444397369
0.760218507334
0.671749715248
0.565393745258
0.443982616659
0.310749233624
0.169241300263
0.0232268532724
-0.123406072367
-0.266752972988
-0.402996844345
-0.528509819825
-0.639949772336
-0.734349307608
-0.809194779199
-0.862493221223
-0.892825416533
-0.899383687268
-0.881993401489
-0.841117623232
-0.777844782164
-0.693859691152
-0.591398683508
-0.473190064477
-0.342381462634
-0.202456015641
-0.0571396221569
0.0896982704266
0.234147700634
0.372362306349
0.500661744752
0.615629691535
0.714204809909
0.793762267083
0.852183627637
0.887913262673
0.899999772697
0.888121321243
0.852594204647
0.794364429794
0.714982524089
0.616562248411
0.501724312439
0.373526591071
0.235382700118
0.0909710994245
-0.0558628562065
-0.201209310132
-0.341198014519
-0.472101386307
-0.590433764323
-0.693044224571
-0.77720048222
-0.840661646179
-0.881737888965
-0.899335442996
-0.892985725148
-0.862857814068
-0.80975394799
-0.735088162944
-0.640848640168
-0.529544765331
-0.404140309265
-0.267974509432
-0.124673153579
0.0219479668038
0.167984662396
0.309548305788
0.44286937685
0.564397836537
0.670897656417
0.759532986793
0.827943668984
0.874308081014
0.897391643296
0.896579692696
0.871893849624
0.823991442333
0.754148003752
0.664223306923
0.556611843445
0.434179063572
0.300185075743
0.158197837254
0.0119981476166
-0.134521025596
-0.277458207686
-0.413007304288
-0.537558949072
-0.64779661301
-0.740784916063
-0.814047789714
-0.865634409089
-0.89417113901
-0.898898110806
-0.879689455892
-0.837056657369
-0.772134930384
-0.686652993915
-0.582887038886
-0.463600118344
-0.331968573598
-0.191497455422
-0.0459271924663
0.100866007907
0.244973374276
0.382557652911
0.509955285178
0.623773959833
0.720982942605
0.798993777811
0.85572921308
0.889678511898
0.899937681103
0.88623354219
0.848931005428
0.789023353131
0.708105790791
0.608332970357
0.49236161672
0.36327978513
0.224524633256
0.0797908974416
-0.0670674897796
-0.212140021206
-0.351563742944
-0.481626116143
-0.598863873525
-0.700155238369
-0.782803050374
-0.844606584952
-0.883920153546
-0.899696924608
-0.891516798351
-0.859597593066
-0.804789245107
-0.728551177004
-0.632913436344
-0.520422640183
-0.394074164383
-0.257232383523
-0.113541085197
0.0331735558181
0.179004859957
0.320069668922
0.452611745417
0.573101793264
0.678331434591
0.765498641691
0.832282348687
0.876904256279
0.898176183839
0.895531707974
0.869041245104
0.819410176431
0.747960065233
0.656593466616
0.547743266767
0.424307900692
0.289574173435
0.147129739885
0.000767573625039
-0.145615031387
-0.288120236956
-0.422953451276
-0.546524370345
-0.655542579646
-0.747105170462
-0.818774037776
-0.8686408015
-0.895377622332
-0.89827255911
-0.877248526208
-0.832865346142
-0.766304842767
-0.679339371975
-0.574284627858
-0.453937981008
-0.321503990852
-0.180509075471
-0.0347076110536
0.112018038666
0.255760900986
0.392693428097
0.519169416037
0.631821094868
0.727648804784
0.804100870276
0.859141545493
0.891305221553
0.899735452396
0.884207760013
0.845135611786
0.783559410787
0.70111879219
0.600008963492
0.482922251097
0.352976409737
0.213631603712
0.0685982705249
-0.0782616796912
-0.223037698115
-0.361874726325
-0.491075847793
-0.607200728431
-0.707157224911
-0.788283721465
-0.848420002696
-0.885964775241
-0.899918306595
-0.889909045729
-0.856203516656
-0.799699221498
-0.721900742031
-0.624879676072
-0.511219475504
-0.383946654789
-0.246450201724
-0.102391336345
0.0443939790899
0.189997183117
0.330541191228
0.462283633878
0.581716507332
0.685659583885
0.771345094144
0.836491426474
0.879363881165
0.898820861566
0.89434427223
0.866053314622
0.814701313052
0.741655655355
0.648861382436
0.538789396226
0.414370665142
0.278918179018
0.136038731667
-0.0104631198921
-0.156686362197
-0.298737400522
-0.432833736508
-0.55540468756
-0.663186466052
-0.753309086626
-0.82337278742
-0.871511930307
-0.896444678625
-0.897507129591
-0.874670992535
-0.828544342217
-0.760355427166
-0.6719199642
-0.565592789983
-0.444205157046
-0.310989343926
-0.169492586883
-0.0234826250173
0.123152626122
0.266508600944
0.402768053578
0.528302702516
0.639769843552
0.734201358445
0.80908274921
0.862420093513
0.892793138329
0.899393118064
0.882044290165
0.841208614737
0.7779734536
0.69402261629
0.591591524019
0.473407685454
0.342618069321
0.202705307736
0.0573949615756
-0.0894436827968
-0.233900643887
-0.372129359048
-0.500449109757
-0.615443030837
-0.71404909386
-0.793641642049
-0.852101305591
-0.887871435665
-0.899999554486
-0.888162717639
-0.852676113359
-0.794484669777
-0.715137893623
-0.616748610356
-0.501936704399
-0.373759357527
-0.235629643024
-0.0912256432498
0.0556074893896
0.200959920165
0.340961242094
0.471883536138
0.590240637269
0.692880963169
0.777071433753
0.840570246915
0.881686572661
0.899325576089
0.893017570371
0.862930523455
0.809865585455
0.735235755832
0.641028258414
0.529751626108
0.404368904336
0.268218751827
0.124926539676
-0.0216921841059
-0.167733294012
-0.309308045091
-0.442646621439
-0.564198517887
-0.670727081932
-0.759395698487
-0.827843322535
-0.87424734842
-0.89737214173
-0.896601941439
-0.871957256244
-0.824094318454
-0.754287610016
-0.66439592593
-0.556812878741
-0.434403162041
-0.300426270148
-0.158449705133
-0.0122539822974
0.134268036414
0.277214800532
0.412779960547
0.537353722392
0.647618968116
0.740639583236
0.81393863884
0.865564346608
0.894142030529
0.898910731418
0.879743469538
0.837150625787
0.772266351409
0.6868183681
0.583081962691
0.463819401388
0.332206376869
0.191747446756
0.0461827151582
-0.10061175785
-0.244727166957
-0.382326044276
-0.509744442442
-0.623589497262
-0.72082977202
-0.798875977799
-0.85564992039
-0.889639837914
-0.899940655628
-0.886278086017
-0.849015932456
-0.789146401946
-0.70826368488
-0.608521505357
-0.49257577237
-0.363513858948
-0.224772392385
-0.0800457446167
0.066812340564
0.211891363998
0.351328198922
0.481409957313
0.598672855709
0.699994447939
0.782676768818
0.844518174861
0.883871969082
0.899690248813
0.891551808988
0.85967335788
0.804903746652
0.728701366363
0.633095314313
0.520631363762
0.394304175735
0.257477557965
0.113794894288
-0.0329178704413
-0.178754106619
-0.319830524618
-0.452390578019
-0.572904491961
-0.678163253071
-0.765364058248
-0.832184946974
-0.876846629884
-0.898159867223
-0.895557135611
-0.869107739913
-0.819515967807
-0.74810233619
-0.656768428799
-0.547946261328
-0.424533522345
-0.289816414385
-0.147382149803
-0.00102343140355
0.145362538662
0.287877832596
0.422727589962
0.546321066252
0.655367246304
0.746962476603
0.818667783014
0.86857381516
0.895351688107
0.898288367572
0.877305656412
0.832962276841
0.766438992915
0.679507169456
0.574481604605
0.454158891974
0.321742953677
0.180759727115
0.0349632772291
-0.111764165772
-0.255515581435
-0.392463194195
-0.518960398392
-0.631638859149
-0.727498203515
-0.803985913631
-0.859065294507
-0.891269706616
-0.899741619192
-0.884255444334
-0.845223543907
-0.783685249273
-0.701279186246
-0.600199642188
-0.483138137088
-0.353211754468
-0.213880140485
-0.0688533813653
0.0780067878084
0.222789812385
0.361640447385
0.490861413962
0.607011849598
0.706998930493
0.788160226484
0.848334595545
0.88591973012
0.899914822953
0.889947216328
0.856282325099
0.799816569294
0.722053504473
0.625063785441
0.511430029384
0.384178046606
0.246696270036
0.102645528909
-0.0441384308492
-0.189747083871
-0.330303200555
-0.462064088932
-0.5815212541
-0.685493821519
-0.771213236522
-0.836396984666
-0.879309369942
-0.898807732441
-0.894372874801
-0.866122887267
-0.814810003209
-0.74180056885
-0.64903866055
-0.538994318443
-0.414597774846
-0.279161428791
-0.136291644317
0.0102072788577
0.156434405248
0.298496036702
0.432609392791
0.555203337713
0.663013471565
0.753169053953
0.823269445315
0.871448030537
0.896421922695
0.897526123441
0.874731230402
0.828644220102
0.760492285547
0.672090158847
0.565791788997
0.444427661534
0.311229429094
0.169743859806
0.0237383948644
-0.122899169924
-0.266264207361
-0.40253923026
-0.528095542511
-0.639589863062
-0.734053349945
-0.808970653831
-0.862346896104
-0.89276078797
-0.899402476173
-0.882095107555
-0.841299538257
-0.778102062162
-0.694185485338
-0.591784316718
-0.47362526817
-0.342854648318
-0.202954583449
-0.0576502963558
0.0891890879383
0.233653568236
0.371896381672
0.500236434316
0.615256320398
0.713893320101
0.793520952874
0.85201891468
0.887829536901
0.899999263538
0.888204042255
0.852757953158
0.79460484555
0.71529320536
0.616934922457
0.502149055793
0.373992093776
0.235876566887
0.0914801797023
-0.0553521180785
-0.200710513957
-0.340724442112
-0.471665647832
-0.590047462512
-0.692717645769
-0.776942322483
-0.840478779717
-0.8816351851
-0.899315636499
-0.893049343421
-0.863003163101
-0.809977157467
-0.735383289299
-0.641207824853
-0.529958444071
-0.404597466727
-0.268462972546
-0.125179915676
0.0214363996549
0.167481912073
0.309067759396
0.442423830254
0.563999153638
0.670556453239
0.759258348808
0.827742909179
0.874186545171
0.897352567639
0.896624117721
0.872020592393
0.824197127974
0.75442715532
0.664568491241
0.557013869036
0.434627225401
0.300667440273
0.158701560207
0.0125098159879
-0.13401503638
-0.276971370975
-0.412552583444
-0.537148452284
-0.647441270882
-0.740494190551
-0.813829422184
-0.865494214174
-0.894112849785
-0.89892327938
-0.879797412084
-0.837244526548
-0.77239771002
-0.686983686778
-0.583276839372
-0.464038646947
-0.332444153292
-0.191997422593
-0.0464382341178
0.100357499661
0.24448093986
0.382094404742
0.509533558509
0.623404984293
0.720676543179
0.798758113224
0.855570558548
0.889601092032
0.89994355742
0.886322558216
0.849100790868
0.789269386982
0.708421521728
0.608709991177
0.49278988821
0.363747903388
0.225020133349
0.0803005853225
-0.0665571859487
-0.211642689664
-0.351092626506
-0.481193759577
-0.598481789509
-0.699833600937
-0.782550424006
-0.844429696516
-0.883823713183
-0.899683500306
-0.89158674757
-0.859749053216
-0.805018183145
-0.728851496829
-0.633277141116
-0.520840045265
-0.394534155221
-0.257722711599
-0.114048694182
0.0326621824042
0.178503338834
0.319591354465
0.45216937406
0.572707144356
0.677995016743
0.765229412949
0.832087478005
0.876788932624
0.898143478018
0.89558249087
0.869174164483
0.81962169295
0.748244546686
0.656943337902
0.548149211605
0.424759109688
0.290058631913
0.147634547809
0.00127928909934
-0.14511003419
-0.28763540497
-0.422501694483
-0.546117718006
-0.655191859997
-0.746819722374
-0.818561462087
-0.868506758621
-0.895325681521
-0.898304103435
-0.877362715714
-0.833059140221
-0.76657308112
-0.67967491202
-0.574678534922
-0.454379766235
-0.321981890499
-0.18101036415
-0.0352189405789
0.111510283845
0.255270241233
0.392232928574
0.518751338806
0.631456572381
0.727347543452
0.803870892008
0.858988974091
0.891234119649
0.899747713272
0.884303057191
0.845311407717
0.783811024422
0.701439523626
0.600390272376
0.483353984033
0.353447070654
0.214128659972
0.069108486641
-0.0777518896212
-0.22254190865
-0.361406139217
-0.490646940461
-0.606822921707
-0.706840578935
-0.788036667804
-0.848249119832
-0.885874613399
-0.89991126658
-0.889985315002
-0.856361064337
-0.799933852449
-0.72220620856
-0.625247844294
-0.511640541931
-0.384409407374
-0.24694231841
-0.102899713176
0.0438828790412
0.18949696929
0.330065183188
0.461844506643
0.58132595387
0.685328003752
0.77108131657
0.83630247526
0.879254787655
0.898794530675
0.89440140509
0.866192389912
0.814918627513
0.741945422393
0.649215886209
0.539199197099
0.414824851044
0.279404656003
0.136544545953
-0.00995143699844
-0.156182435655
-0.298254648758
-0.432385014111
-0.555001942994
-0.662840423495
-0.75302896041
-0.823166036674
-0.871384060337
-0.896399094318
-0.897545044755
-0.874791397575
-0.828744031018
-0.760629082467
-0.672260299177
-0.565990742285
-0.444650130103
-0.311469489108
-0.16999511901
-0.0239941627929
0.122645703794
0.266019792259
0.402310374409
0.527888339825
0.639409830881
0.73390528212
0.808858493073
0.862273629
0.892728365458
0.899411761592
0.882145853655
0.841390393785
0.778230607839
0.694348298283
0.59197706159
0.473842812609
0.343091199606
0.20320384276
0.0579056264767
-0.0889344858716
-0.233406473702
-0.371663374239
-0.500023718447
-0.615069560236
-0.713737488647
-0.793400199567
-0.851936454909
-0.887787566383
-0.899998899854
-0.888245295088
-0.852839724038
-0.794724957103
-0.715448459288
-0.617121184698
-0.502361366604
-0.374224799799
-0.236123471687
-0.0917347087616
0.0550967422939
0.200461091527
0.340487614594
0.471447721407
0.589854240069
0.692554272385
0.776813148422
0.840387244593
0.881583726286
0.899305624227
0.893081044297
0.863075733
0.810088664017
0.735530763334
0.641387339471
0.530165219203
0.404825996418
0.268707171568
0.125433281559
-0.0211806134715
-0.167230516597
-0.308827448723
-0.442201003314
-0.563799743808
-0.670385770353
-0.759120937766
-0.827642428927
-0.87412567127
-0.897332921025
-0.896646221538
-0.872083858067
-0.824299870882
-0.754566639651
-0.664741002843
-0.557214814313
-0.434851253636
-0.300908586098
-0.158953402454
-0.0127656486674
0.133762025515
0.276727919032
0.412325173
0.536943138765
0.647263521322
0.740348738021
0.813720139755
0.865424011791
0.894083596779
0.898935754693
0.879851283525
0.837338359644
0.772529006206
0.687148949935
0.583471668914
0.464257855003
0.332681902847
0.192247382913
0.0466937493242
-0.100103233361
-0.244234693004
-0.381862734328
-0.509322633397
-0.623220420941
-0.720523256093
-0.798640184093
-0.855491127559
-0.889562274252
-0.89994638648
-0.886366958783
-0.849185580656
-0.789392308231
-0.708579301322
-0.608898427802
-0.493003964224
-0.36398191843
-0.225267856127
-0.0805554195386
0.0663020259543
0.211393998226
0.350857025715
0.48097752295
0.59829067494
0.699672697375
0.78242401595
0.844341149926
0.883775385855
0.899676679088
0.891621614096
0.859824679068
0.805132554578
0.729001568389
0.633458916738
0.521048684674
0.39476410282
0.257967844404
0.11430248486
-0.0324064917272
-0.178252556623
-0.319352158483
-0.451948133556
-0.572509750466
-0.67782672562
-0.765094705805
-0.831989941787
-0.876731164502
-0.898127016227
-0.895607773749
-0.869240518807
-0.819727351853
-0.748386696709
-0.657118193913
-0.548352117582
-0.424984662702
-0.290300825998
-0.147886933883
-0.00153514669177
0.144857517989
0.287392954097
0.422275764857
0.545914325624
0.655016420737
0.746676907789
0.818455075006
0.868439631892
0.895299602576
0.898319766699
0.877419704109
0.833155936274
0.766707107372
0.679842599654
0.574875418795
0.454600603774
0.322220801299
0.181260986556
0.0354746010824
-0.111256392906
-0.255024880401
-0.392002631253
-0.518542237294
-0.63127423458
-0.727196824605
-0.803755805418
-0.858912584254
-0.891198460652
-0.899753734636
-0.88435059858
-0.845399203211
-0.783936736225
-0.701599804317
-0.600580854042
-0.483569791914
-0.353682358274
-0.214377162153
-0.0693635863315
0.0774969851502
0.222293986929
0.361171801842
0.490432427305
0.606633944773
0.706682170252
0.787913045437
0.848163575565
0.885829425083
0.899907637478
0.890023341748
0.856439734366
0.800051070954
0.722358854278
0.625431852615
0.511851013128
0.384640737074
0.247188346826
0.103153889127
-0.0436273236867
-0.189246839394
-0.329827139145
-0.461624887029
-0.581130606658
-0.685162130598
-0.770949334301
-0.836207898266
-0.879200134308
-0.89878125627
-0.894429863094
-0.866261822553
-0.815027185957
-0.742090215973
-0.6493930594
-0.539404032178
-0.415051893715
-0.279647860634
-0.136797436553
0.00969559433486
0.155930453441
0.298013236709
0.432160600487
0.554800503421
0.662667321855
0.752888806009
0.823062561506
0.871320019713
0.896376193495
0.89756389353
0.874851494048
0.828843774955
0.760765817913
0.672430385176
0.56618964983
0.444872562736
0.311709523951
0.170246364476
0.0242499287823
-0.122392227751
-0.265775355658
-0.402081486043
-0.527681094476
-0.639229747024
-0.733757154981
-0.808746266944
-0.862200292209
-0.892695870798
-0.899420974322
-0.882196528462
-0.841481181312
-0.778359090619
-0.694511055111
-0.592169758619
-0.474060318752
-0.343327723165
-0.203453085648
-0.0581609519177
0.0886798766174
0.233159360304
0.371430336769
0.499810962167
0.614882750364
0.713581599509
0.793279382139
0.851853926285
0.887745524115
0.899998463432
0.888286476134
0.852921425992
0.794845004429
0.715603655394
0.617307397064
0.502573636814
0.374457475578
0.236370357404
0.0919892304069
-0.0548413620565
-0.200211652897
-0.340250759558
-0.47122975688
-0.589660969954
-0.692390843029
-0.776683911579
-0.840295641549
-0.881532196223
-0.899295539275
-0.893112672994
-0.863148233147
-0.810200105097
-0.735678177923
-0.641566802252
-0.530371951487
-0.405054493392
-0.268951348873
-0.125686637305
0.0209248255763
0.166979107607
0.308587113091
0.441978140635
0.563600288412
0.670215033288
0.758983465372
0.827541881786
0.874064726724
0.897313201889
0.89666825289
0.872147053261
0.824402547172
0.754706062999
0.664913460721
0.557415714557
0.435075246726
0.301149707604
0.159205231855
0.0130214803151
-0.13350900384
-0.276484444725
-0.412097729232
-0.53673778185
-0.647085719451
-0.740203225657
-0.813610791563
-0.865353739466
-0.894054271515
-0.898948157355
-0.879905083859
-0.837432125068
-0.772660239958
-0.687314157556
-0.5836664513
-0.464477025538
-0.332919625515
-0.192497327696
-0.0469492607569
0.0998489589705
0.243988426409
0.381631033052
0.509111667121
0.623035807221
0.720369910776
0.798522190418
0.85541162743
0.889523384579
0.899949142807
0.886411287716
0.849270301815
0.789515165682
0.708737023649
0.609086815216
0.493218000394
0.364215904055
0.2255155607
0.0808102472443
-0.0660468606015
-0.211145289703
-0.350621396569
-0.480761247452
-0.598099512018
-0.699511737267
-0.782297544658
-0.844252535098
-0.883726987102
-0.899669785159
-0.891656408561
-0.85990023543
-0.805246860941
-0.729151581033
-0.633640641165
-0.521257281972
-0.394994018515
-0.25821295636
-0.114556266299
0.0321507984313
0.178001760006
0.319112936692
0.451726856527
0.572312310307
0.677658379715
0.764959936827
0.83189233833
0.876673325524
0.89811048185
0.895632984246
0.869306802879
0.819832944506
0.748528786249
0.657292996815
0.548554979241
0.42521018137
0.290542996621
0.148139308005
0.00179100416013
-0.144604990081
-0.287150479998
-0.422049801104
-0.545710889122
-0.65484092854
-0.746534032858
-0.818348621778
-0.868372434976
-0.895273451274
-0.898335357361
-0.877476621591
-0.833252664992
-0.766841071659
-0.680010232343
-0.575072256207
-0.454821404572
-0.322459686057
-0.181511594313
-0.0357302587188
0.111002492975
0.254779498958
0.391772302251
0.518333093875
0.63109184576
0.727046046986
0.803640653869
0.858836125
0.89116272963
0.899759683283
0.884398068496
0.84548693038
0.784062384671
0.701760028305
0.600771387169
0.483785560714
0.35391761731
0.214625647008
0.069618680416
-0.077242074416
-0.222046047242
-0.360937435276
-0.490217874514
-0.606444918812
-0.706523704455
-0.787789359391
-0.84807796275
-0.885784165175
-0.899903935646
-0.890061296564
-0.856518335178
-0.800168224801
-0.722511441616
-0.625615810389
-0.512061442958
-0.384872035689
-0.247434355265
-0.103408056742
0.0433717648062
0.188996694204
0.329589068446
0.461405230106
0.580935212479
0.684996202069
0.770817289725
0.836113253691
0.879145409904
0.898767909226
0.894458248811
0.866331185184
0.815135678531
0.742234949578
0.649570180107
0.539608823663
0.415278902843
0.279891042664
0.137050316097
-0.00943975088769
-0.155678458624
-0.297771800575
-0.431936151935
-0.55459901901
-0.662494166659
-0.752748590759
-0.82295901982
-0.871255908669
-0.896353220228
-0.897582669765
-0.874911519816
-0.828943451906
-0.760902491874
-0.672600416829
-0.566388511617
-0.445094959415
-0.311949533601
-0.170497596182
-0.0245056928118
0.122138741817
0.265530897577
0.401852565182
0.52747380648
0.639049611505
0.733608968541
0.808633975453
0.862126885735
0.892663303991
0.899430114362
0.88224713197
0.841571900831
0.778487510494
0.69467375581
0.59236240779
0.474277786582
0.343564218978
0.203702312093
0.0584162726583
-0.0884252601961
-0.232912228062
-0.37119726928
-0.499598165492
-0.614695890798
-0.7134256527
-0.793158500599
-0.851771328816
-0.8877034101
-0.899997954274
-0.888327585389
-0.853003059015
-0.794964987515
-0.715758793666
-0.61749355954
-0.502785866407
-0.374690121094
-0.236617224017
-0.0922437446178
0.0545859773869
0.199962198085
0.340013877023
0.471011754268
0.589467652183
0.692227357715
0.776554611966
0.840203970594
0.881480594916
0.899285381642
0.893144229511
0.863220663534
0.810311480698
0.735825533056
0.641746213183
0.530578640908
0.40528295763
0.269195504441
0.125939982893
-0.0206690359899
-0.166727685121
-0.308346752518
-0.441755242235
-0.563400787467
-0.670044242056
-0.758845931639
-0.827441267763
-0.874003711537
-0.897293410234
-0.896690211773
-0.872210177968
-0.824505156834
-0.754845425353
-0.665085864862
-0.557616569752
-0.435299204654
-0.301390804772
-0.15945704839
-0.0132773109105
0.133255971374
0.276240948073
0.411870252159
0.536532381557
0.646907865284
0.74005765347
0.813501377615
0.865283397204
0.894024873994
0.898960487365
0.879958813079
0.83752582281
0.772791411264
0.68747930963
0.583861186514
0.464696158535
0.333157321277
0.192747256921
0.0472047683952
-0.0995946765108
-0.243742140096
-0.381399300933
-0.508900659699
-0.622851143148
-0.720216507239
-0.798404132206
-0.855332058168
-0.889484423016
-0.899951826401
-0.886455545009
-0.849354954336
-0.789637959325
-0.708894688697
-0.609275153404
-0.493431996702
-0.364449860245
-0.225763247046
-0.0810650684189
0.0657916899108
0.210896564116
0.350385739085
0.480544933099
0.597908300758
0.699350720624
0.782171010143
0.844163852038
0.883678516927
0.89966281852
0.891691130964
0.859975722296
0.805361102225
0.729301534748
0.633822314381
0.521465837143
0.395223902288
0.258458047448
0.11481003848
-0.031895102537
-0.177750949002
-0.31887368911
-0.451505542989
-0.572114823893
-0.677489979043
-0.764825106026
-0.831794667639
-0.876615415694
-0.898093874889
-0.89565812236
-0.869373016696
-0.819938470901
-0.748670815293
-0.657467746596
-0.548757796566
-0.425435665673
-0.290785143763
-0.148391670155
